
ZAI = [
666
0
];

NAMES = [
'lost            '
'total           '
];

iLOST    = 1;
iTOT     = 2;

MAT_fuel_VOLUME = [ 2.00362E+07 2.00362E+07 ];

MAT_fuel_BURNUP = [ 0.00000E+00 0.00000E+00 ];

MAT_fuel_ADENS = [
0.00000E+00 1.71426E-14 % lost data
6.16652E-02 6.16653E-02 % total
];

MAT_fuel_MDENS = [
0.00000E+00 0.00000E+00 % lost data
4.63120E+00 4.63116E+00 % total
];

MAT_fuel_A = [
0.00000E+00 0.00000E+00 % lost data
2.27398E+19 6.18084E+19 % total
];

MAT_fuel_H = [
0.00000E+00 0.00000E+00 % lost data
2.00370E+06 1.74850E+07 % total
];

MAT_fuel_SF = [
0.00000E+00 0.00000E+00 % lost data
3.96476E+08 4.00446E+08 % total
];

MAT_fuel_GSRC = [
0.00000E+00 0.00000E+00 % lost data
2.37263E+19 5.40788E+19 % total
];

MAT_fuel_ING_TOX = [
0.00000E+00 0.00000E+00 % lost data
2.64160E+10 3.52477E+11 % total
];

MAT_fuel_INH_TOX = [
0.00000E+00 0.00000E+00 % lost data
3.75779E+11 8.42581E+11 % total
];

MAT_refuel_VOLUME = [ 1.00000E+06 1.00000E+06 ];

MAT_refuel_BURNUP = [ 0.00000E+00 0.00000E+00 ];

MAT_refuel_ADENS = [
0.00000E+00 0.00000E+00 % lost data
6.08557E-02 6.08557E-02 % total
];

MAT_refuel_MDENS = [
0.00000E+00 0.00000E+00 % lost data
4.32600E+00 4.32600E+00 % total
];

MAT_refuel_A = [
0.00000E+00 0.00000E+00 % lost data
8.47429E+10 1.45426E+11 % total
];

MAT_refuel_H = [
0.00000E+00 0.00000E+00 % lost data
4.45508E-02 5.16444E-02 % total
];

MAT_refuel_SF = [
0.00000E+00 0.00000E+00 % lost data
1.29166E+06 1.29166E+06 % total
];

MAT_refuel_GSRC = [
0.00000E+00 0.00000E+00 % lost data
4.71912E+10 4.71912E+10 % total
];

MAT_refuel_ING_TOX = [
0.00000E+00 0.00000E+00 % lost data
2.90575E+03 2.93041E+03 % total
];

MAT_refuel_INH_TOX = [
0.00000E+00 0.00000E+00 % lost data
5.07896E+05 5.07920E+05 % total
];

MAT_Umetal_VOLUME = [ 1.00000E+06 1.00000E+06 ];

MAT_Umetal_BURNUP = [ 0.00000E+00 0.00000E+00 ];

MAT_Umetal_ADENS = [
0.00000E+00 0.00000E+00 % lost data
4.83231E-02 4.83231E-02 % total
];

MAT_Umetal_MDENS = [
0.00000E+00 0.00000E+00 % lost data
1.91021E+01 1.91021E+01 % total
];

MAT_Umetal_A = [
0.00000E+00 0.00000E+00 % lost data
4.75100E+11 7.12641E+11 % total
];

MAT_Umetal_H = [
0.00000E+00 0.00000E+00 % lost data
1.69650E-01 2.25331E-01 % total
];

MAT_Umetal_SF = [
0.00000E+00 0.00000E+00 % lost data
1.29705E+07 1.29705E+07 % total
];

MAT_Umetal_GSRC = [
0.00000E+00 0.00000E+00 % lost data
1.72724E+10 1.72724E+10 % total
];

MAT_Umetal_ING_TOX = [
0.00000E+00 0.00000E+00 % lost data
1.14977E+04 1.16189E+04 % total
];

MAT_Umetal_INH_TOX = [
0.00000E+00 0.00000E+00 % lost data
1.90229E+06 1.90239E+06 % total
];

MAT_offgastank_VOLUME = [ 1.00000E+06 1.00000E+06 ];

MAT_offgastank_BURNUP = [ 0.00000E+00 0.00000E+00 ];

MAT_offgastank_ADENS = [
0.00000E+00 0.00000E+00 % lost data
9.17008E-04 9.20739E-04 % total
];

MAT_offgastank_MDENS = [
0.00000E+00 0.00000E+00 % lost data
1.82195E-01 1.82923E-01 % total
];

MAT_offgastank_A = [
0.00000E+00 0.00000E+00 % lost data
1.75365E+18 6.22595E+18 % total
];

MAT_offgastank_H = [
0.00000E+00 0.00000E+00 % lost data
1.51633E+05 1.90673E+06 % total
];

MAT_offgastank_SF = [
0.00000E+00 0.00000E+00 % lost data
0.00000E+00 0.00000E+00 % total
];

MAT_offgastank_GSRC = [
0.00000E+00 0.00000E+00 % lost data
1.35900E+18 5.67556E+18 % total
];

MAT_offgastank_ING_TOX = [
0.00000E+00 0.00000E+00 % lost data
4.48945E+11 6.13261E+11 % total
];

MAT_offgastank_INH_TOX = [
0.00000E+00 0.00000E+00 % lost data
6.17413E+11 7.03445E+11 % total
];

MAT_excessfueltank_VOLUME = [ 1.00000E+06 1.00000E+06 ];

MAT_excessfueltank_BURNUP = [ 0.00000E+00 0.00000E+00 ];

MAT_excessfueltank_ADENS = [
0.00000E+00 0.00000E+00 % lost data
2.06052E-01 2.06352E-01 % total
];

MAT_excessfueltank_MDENS = [
0.00000E+00 0.00000E+00 % lost data
1.49181E+01 1.49407E+01 % total
];

MAT_excessfueltank_A = [
0.00000E+00 0.00000E+00 % lost data
5.15838E+16 7.03190E+16 % total
];

MAT_excessfueltank_H = [
0.00000E+00 0.00000E+00 % lost data
3.20601E+03 6.87853E+03 % total
];

MAT_excessfueltank_SF = [
0.00000E+00 0.00000E+00 % lost data
1.13166E+07 1.12842E+07 % total
];

MAT_excessfueltank_GSRC = [
0.00000E+00 0.00000E+00 % lost data
2.08223E+16 2.25758E+16 % total
];

MAT_excessfueltank_ING_TOX = [
0.00000E+00 0.00000E+00 % lost data
2.30343E+08 2.39383E+08 % total
];

MAT_excessfueltank_INH_TOX = [
0.00000E+00 0.00000E+00 % lost data
1.62961E+10 1.63581E+10 % total
];

MAT_absorbertank_VOLUME = [ 1.00000E+06 1.00000E+06 ];

MAT_absorbertank_BURNUP = [ 0.00000E+00 0.00000E+00 ];

MAT_absorbertank_ADENS = [
0.00000E+00 0.00000E+00 % lost data
5.98714E-02 5.98714E-02 % total
];

MAT_absorbertank_MDENS = [
0.00000E+00 0.00000E+00 % lost data
5.32512E+00 5.32512E+00 % total
];

MAT_absorbertank_A = [
0.00000E+00 0.00000E+00 % lost data
6.08818E+03 6.08818E+03 % total
];

MAT_absorbertank_H = [
0.00000E+00 0.00000E+00 % lost data
2.14887E-09 2.14887E-09 % total
];

MAT_absorbertank_SF = [
0.00000E+00 0.00000E+00 % lost data
0.00000E+00 0.00000E+00 % total
];

MAT_absorbertank_GSRC = [
0.00000E+00 0.00000E+00 % lost data
0.00000E+00 0.00000E+00 % total
];

MAT_absorbertank_ING_TOX = [
0.00000E+00 0.00000E+00 % lost data
2.49615E-04 2.49615E-04 % total
];

MAT_absorbertank_INH_TOX = [
0.00000E+00 0.00000E+00 % lost data
1.15675E-01 1.15675E-01 % total
];

MAT_dummy_VOLUME = [ 1.00000E+00 1.00000E+00 ];

MAT_dummy_BURNUP = [ 0.00000E+00 0.00000E+00 ];

MAT_dummy_ADENS = [
0.00000E+00 0.00000E+00 % lost data
0.00000E+00 0.00000E+00 % total
];

MAT_dummy_MDENS = [
0.00000E+00 0.00000E+00 % lost data
0.00000E+00 0.00000E+00 % total
];

MAT_dummy_A = [
0.00000E+00 0.00000E+00 % lost data
0.00000E+00 0.00000E+00 % total
];

MAT_dummy_H = [
0.00000E+00 0.00000E+00 % lost data
0.00000E+00 0.00000E+00 % total
];

MAT_dummy_SF = [
0.00000E+00 0.00000E+00 % lost data
0.00000E+00 0.00000E+00 % total
];

MAT_dummy_GSRC = [
0.00000E+00 0.00000E+00 % lost data
0.00000E+00 0.00000E+00 % total
];

MAT_dummy_ING_TOX = [
0.00000E+00 0.00000E+00 % lost data
0.00000E+00 0.00000E+00 % total
];

MAT_dummy_INH_TOX = [
0.00000E+00 0.00000E+00 % lost data
0.00000E+00 0.00000E+00 % total
];

TOT_VOLUME = [ 2.50362E+07 2.50362E+07 ];

TOT_BURNUP = [ 0.00000E+00 0.00000E+00 ];

TOT_ADENS = [
0.00000E+00 1.37190E-14 % lost data
6.43690E-02 6.43812E-02 % total
];

TOT_MASS = [
0.00000E+00 0.00000E+00 % lost data
1.36645E+08 1.36668E+08 % total
];

TOT_A = [
0.00000E+00 0.00000E+00 % lost data
2.45451E+19 6.81047E+19 % total
];

TOT_H = [
0.00000E+00 0.00000E+00 % lost data
2.15854E+06 1.93986E+07 % total
];

TOT_SF = [
0.00000E+00 0.00000E+00 % lost data
4.22054E+08 4.25993E+08 % total
];

TOT_GSRC = [
0.00000E+00 0.00000E+00 % lost data
2.51061E+19 5.97769E+19 % total
];

TOT_ING_TOX = [
0.00000E+00 0.00000E+00 % lost data
4.75592E+11 9.65977E+11 % total
];

TOT_INH_TOX = [
0.00000E+00 0.00000E+00 % lost data
1.00949E+12 1.56239E+12 % total
];

BU = [ 0.00000E+00 2.52873E-02 ];

DAYS = [ 0.00000E+00 7.00000E+00 ];
