
DET1 = [
    1    1    1    1    1    1    1    1    1    1  1.13922E-05 0.28414 
];


DET1E = [
 5.00000E-02  1.50000E+01  7.52500E+00
];

DET1X = [
 9.46760E+00  1.04676E+01  9.96760E+00
];

DET1Y = [
-1.00000E+00  1.00000E+00  0.00000E+00
];

DET1Z = [
-1.00000E+00  1.00000E+00  0.00000E+00
];
