
ZAI = [
666
0
];

NAMES = [
'lost            '
'total           '
];

iLOST    = 1;
iTOT     = 2;

MAT_fuel_VOLUME = [ 1.63265E+07 1.63265E+07 1.63265E+07 1.63265E+07 1.63265E+07 1.63265E+07 1.63265E+07 1.63265E+07 1.63265E+07 1.63265E+07 1.63265E+07 1.63265E+07 1.63265E+07 1.63265E+07 1.63265E+07 1.63265E+07 1.63265E+07 ];

MAT_fuel_BURNUP = [ 0.00000E+00 0.00000E+00 0.00000E+00 0.00000E+00 0.00000E+00 0.00000E+00 0.00000E+00 0.00000E+00 0.00000E+00 0.00000E+00 0.00000E+00 0.00000E+00 0.00000E+00 0.00000E+00 0.00000E+00 0.00000E+00 0.00000E+00 ];

MAT_fuel_ADENS = [
0.00000E+00 1.16706E-14 2.33466E-14 3.50259E-14 4.66933E-14 5.83698E-14 7.00387E-14 8.17151E-14 9.33942E-14 1.05059E-13 1.16728E-13 1.28405E-13 1.40085E-13 1.51760E-13 1.63432E-13 1.75098E-13 1.86772E-13 % lost data
7.95906E-02 7.95907E-02 7.95908E-02 7.95910E-02 7.95911E-02 7.95912E-02 7.95913E-02 7.95914E-02 7.95915E-02 7.95917E-02 7.95918E-02 7.95919E-02 7.95920E-02 7.95921E-02 7.95922E-02 7.95924E-02 7.95925E-02 % total
];

MAT_fuel_MDENS = [
0.00000E+00 0.00000E+00 0.00000E+00 0.00000E+00 0.00000E+00 0.00000E+00 0.00000E+00 0.00000E+00 0.00000E+00 0.00000E+00 0.00000E+00 0.00000E+00 0.00000E+00 0.00000E+00 0.00000E+00 0.00000E+00 0.00000E+00 % lost data
3.34948E+00 3.34944E+00 3.34939E+00 3.34935E+00 3.34930E+00 3.34925E+00 3.34920E+00 3.34915E+00 3.34911E+00 3.34906E+00 3.34901E+00 3.34896E+00 3.34891E+00 3.34887E+00 3.34882E+00 3.34877E+00 3.34872E+00 % total
];

MAT_fuel_A = [
0.00000E+00 0.00000E+00 0.00000E+00 0.00000E+00 0.00000E+00 0.00000E+00 0.00000E+00 0.00000E+00 0.00000E+00 0.00000E+00 0.00000E+00 0.00000E+00 0.00000E+00 0.00000E+00 0.00000E+00 0.00000E+00 0.00000E+00 % lost data
6.29465E+11 4.98812E+19 5.14576E+19 5.21306E+19 5.25546E+19 5.28897E+19 5.31499E+19 5.33780E+19 5.35740E+19 5.37365E+19 5.38883E+19 5.40210E+19 5.41470E+19 5.42568E+19 5.43576E+19 5.44449E+19 5.45359E+19 % total
];

MAT_fuel_H = [
0.00000E+00 0.00000E+00 0.00000E+00 0.00000E+00 0.00000E+00 0.00000E+00 0.00000E+00 0.00000E+00 0.00000E+00 0.00000E+00 0.00000E+00 0.00000E+00 0.00000E+00 0.00000E+00 0.00000E+00 0.00000E+00 0.00000E+00 % lost data
4.52038E-01 1.66714E+07 1.68509E+07 1.69360E+07 1.69887E+07 1.70291E+07 1.70586E+07 1.70830E+07 1.71037E+07 1.71195E+07 1.71349E+07 1.71477E+07 1.71594E+07 1.71695E+07 1.71780E+07 1.71866E+07 1.71946E+07 % total
];

MAT_fuel_SF = [
0.00000E+00 0.00000E+00 0.00000E+00 0.00000E+00 0.00000E+00 0.00000E+00 0.00000E+00 0.00000E+00 0.00000E+00 0.00000E+00 0.00000E+00 0.00000E+00 0.00000E+00 0.00000E+00 0.00000E+00 0.00000E+00 0.00000E+00 % lost data
1.32870E+07 1.32864E+07 1.32861E+07 1.32860E+07 1.32862E+07 1.32867E+07 1.32875E+07 1.32886E+07 1.32899E+07 1.32916E+07 1.32935E+07 1.32956E+07 1.32981E+07 1.33008E+07 1.33038E+07 1.33070E+07 1.33105E+07 % total
];

MAT_fuel_GSRC = [
0.00000E+00 0.00000E+00 0.00000E+00 0.00000E+00 0.00000E+00 0.00000E+00 0.00000E+00 0.00000E+00 0.00000E+00 0.00000E+00 0.00000E+00 0.00000E+00 0.00000E+00 0.00000E+00 0.00000E+00 0.00000E+00 0.00000E+00 % lost data
4.86875E+11 4.24247E+19 4.43260E+19 4.49603E+19 4.52971E+19 4.55444E+19 4.57233E+19 4.58791E+19 4.60093E+19 4.61118E+19 4.62087E+19 4.62914E+19 4.63721E+19 4.64401E+19 4.65027E+19 4.65531E+19 4.66109E+19 % total
];

MAT_fuel_ING_TOX = [
0.00000E+00 0.00000E+00 0.00000E+00 0.00000E+00 0.00000E+00 0.00000E+00 0.00000E+00 0.00000E+00 0.00000E+00 0.00000E+00 0.00000E+00 0.00000E+00 0.00000E+00 0.00000E+00 0.00000E+00 0.00000E+00 0.00000E+00 % lost data
2.90982E+04 3.01024E+11 3.04388E+11 3.06143E+11 3.07212E+11 3.07971E+11 3.08515E+11 3.08931E+11 3.09278E+11 3.09560E+11 3.09815E+11 3.10045E+11 3.10259E+11 3.10452E+11 3.10618E+11 3.10792E+11 3.10953E+11 % total
];

MAT_fuel_INH_TOX = [
0.00000E+00 0.00000E+00 0.00000E+00 0.00000E+00 0.00000E+00 0.00000E+00 0.00000E+00 0.00000E+00 0.00000E+00 0.00000E+00 0.00000E+00 0.00000E+00 0.00000E+00 0.00000E+00 0.00000E+00 0.00000E+00 0.00000E+00 % lost data
5.22878E+06 4.34414E+11 4.38732E+11 4.41684E+11 4.44029E+11 4.46091E+11 4.47905E+11 4.49548E+11 4.51082E+11 4.52501E+11 4.53856E+11 4.55146E+11 4.56386E+11 4.57570E+11 4.58691E+11 4.59801E+11 4.60871E+11 % total
];

MAT_refuel_VOLUME = [ 1.00000E+06 1.00000E+06 1.00000E+06 1.00000E+06 1.00000E+06 1.00000E+06 1.00000E+06 1.00000E+06 1.00000E+06 1.00000E+06 1.00000E+06 1.00000E+06 1.00000E+06 1.00000E+06 1.00000E+06 1.00000E+06 1.00000E+06 ];

MAT_refuel_BURNUP = [ 0.00000E+00 0.00000E+00 0.00000E+00 0.00000E+00 0.00000E+00 0.00000E+00 0.00000E+00 0.00000E+00 0.00000E+00 0.00000E+00 0.00000E+00 0.00000E+00 0.00000E+00 0.00000E+00 0.00000E+00 0.00000E+00 0.00000E+00 ];

MAT_refuel_ADENS = [
0.00000E+00 0.00000E+00 0.00000E+00 0.00000E+00 0.00000E+00 0.00000E+00 0.00000E+00 0.00000E+00 0.00000E+00 0.00000E+00 0.00000E+00 0.00000E+00 0.00000E+00 0.00000E+00 0.00000E+00 0.00000E+00 0.00000E+00 % lost data
7.95906E-02 7.95903E-02 7.95901E-02 7.95898E-02 7.95896E-02 7.95894E-02 7.95891E-02 7.95889E-02 7.95886E-02 7.95884E-02 7.95881E-02 7.95879E-02 7.95876E-02 7.95874E-02 7.95871E-02 7.95869E-02 7.95866E-02 % total
];

MAT_refuel_MDENS = [
0.00000E+00 0.00000E+00 0.00000E+00 0.00000E+00 0.00000E+00 0.00000E+00 0.00000E+00 0.00000E+00 0.00000E+00 0.00000E+00 0.00000E+00 0.00000E+00 0.00000E+00 0.00000E+00 0.00000E+00 0.00000E+00 0.00000E+00 % lost data
3.34948E+00 3.34947E+00 3.34946E+00 3.34945E+00 3.34944E+00 3.34943E+00 3.34942E+00 3.34941E+00 3.34940E+00 3.34939E+00 3.34938E+00 3.34937E+00 3.34936E+00 3.34935E+00 3.34934E+00 3.34933E+00 3.34932E+00 % total
];

MAT_refuel_A = [
0.00000E+00 0.00000E+00 0.00000E+00 0.00000E+00 0.00000E+00 0.00000E+00 0.00000E+00 0.00000E+00 0.00000E+00 0.00000E+00 0.00000E+00 0.00000E+00 0.00000E+00 0.00000E+00 0.00000E+00 0.00000E+00 0.00000E+00 % lost data
3.85549E+10 6.72506E+10 7.19651E+10 7.56228E+10 7.86114E+10 8.10549E+10 8.30527E+10 8.46862E+10 8.60218E+10 8.71137E+10 8.80065E+10 8.87364E+10 8.93332E+10 8.98211E+10 9.02199E+10 9.05460E+10 9.08126E+10 % total
];

MAT_refuel_H = [
0.00000E+00 0.00000E+00 0.00000E+00 0.00000E+00 0.00000E+00 0.00000E+00 0.00000E+00 0.00000E+00 0.00000E+00 0.00000E+00 0.00000E+00 0.00000E+00 0.00000E+00 0.00000E+00 0.00000E+00 0.00000E+00 0.00000E+00 % lost data
2.76874E-02 2.93490E-02 2.99510E-02 3.04349E-02 3.08305E-02 3.11539E-02 3.14183E-02 3.16345E-02 3.18113E-02 3.19558E-02 3.20739E-02 3.21705E-02 3.22494E-02 3.23140E-02 3.23667E-02 3.24098E-02 3.24451E-02 % total
];

MAT_refuel_SF = [
0.00000E+00 0.00000E+00 0.00000E+00 0.00000E+00 0.00000E+00 0.00000E+00 0.00000E+00 0.00000E+00 0.00000E+00 0.00000E+00 0.00000E+00 0.00000E+00 0.00000E+00 0.00000E+00 0.00000E+00 0.00000E+00 0.00000E+00 % lost data
8.13833E+05 8.13831E+05 8.13828E+05 8.13826E+05 8.13823E+05 8.13821E+05 8.13818E+05 8.13815E+05 8.13813E+05 8.13810E+05 8.13808E+05 8.13805E+05 8.13803E+05 8.13800E+05 8.13798E+05 8.13795E+05 8.13793E+05 % total
];

MAT_refuel_GSRC = [
0.00000E+00 0.00000E+00 0.00000E+00 0.00000E+00 0.00000E+00 0.00000E+00 0.00000E+00 0.00000E+00 0.00000E+00 0.00000E+00 0.00000E+00 0.00000E+00 0.00000E+00 0.00000E+00 0.00000E+00 0.00000E+00 0.00000E+00 % lost data
2.98212E+10 2.98211E+10 2.98210E+10 2.98209E+10 2.98208E+10 2.98207E+10 2.98206E+10 2.98206E+10 2.98205E+10 2.98204E+10 2.98203E+10 2.98202E+10 2.98201E+10 2.98200E+10 2.98200E+10 2.98199E+10 2.98198E+10 % total
];

MAT_refuel_ING_TOX = [
0.00000E+00 0.00000E+00 0.00000E+00 0.00000E+00 0.00000E+00 0.00000E+00 0.00000E+00 0.00000E+00 0.00000E+00 0.00000E+00 0.00000E+00 0.00000E+00 0.00000E+00 0.00000E+00 0.00000E+00 0.00000E+00 0.00000E+00 % lost data
1.78227E+03 1.80078E+03 1.80957E+03 1.81668E+03 1.82250E+03 1.82726E+03 1.83115E+03 1.83433E+03 1.83693E+03 1.83906E+03 1.84080E+03 1.84222E+03 1.84339E+03 1.84434E+03 1.84512E+03 1.84575E+03 1.84627E+03 % total
];

