
ZAI = [
666
0
];

NAMES = [
'lost            '
'total           '
];

iLOST    = 1;
iTOT     = 2;

MAT_fuel_VOLUME = [ 1.63265E+07 ];

MAT_fuel_BURNUP = [ 0.00000E+00 ];

MAT_fuel_ADENS = [
0.00000E+00 % lost data
7.95906E-02 % total
];

MAT_fuel_MDENS = [
0.00000E+00 % lost data
3.35302E+00 % total
];

MAT_fuel_A = [
0.00000E+00 % lost data
3.25832E+11 % total
];

MAT_fuel_H = [
0.00000E+00 % lost data
2.24575E-01 % total
];

MAT_fuel_SF = [
0.00000E+00 % lost data
1.63878E+07 % total
];

MAT_fuel_GSRC = [
0.00000E+00 % lost data
5.30390E+10 % total
];

MAT_fuel_ING_TOX = [
0.00000E+00 % lost data
1.47138E+04 % total
];

MAT_fuel_INH_TOX = [
0.00000E+00 % lost data
2.61950E+06 % total
];

TOT_VOLUME = [ 1.63265E+07 ];

TOT_BURNUP = [ 0.00000E+00 ];

TOT_ADENS = [
0.00000E+00 % lost data
7.95906E-02 % total
];

TOT_MASS = [
0.00000E+00 % lost data
5.47430E+07 % total
];

TOT_A = [
0.00000E+00 % lost data
3.25832E+11 % total
];

TOT_H = [
0.00000E+00 % lost data
2.24575E-01 % total
];

TOT_SF = [
0.00000E+00 % lost data
1.63878E+07 % total
];

TOT_GSRC = [
0.00000E+00 % lost data
5.30390E+10 % total
];

TOT_ING_TOX = [
0.00000E+00 % lost data
1.47138E+04 % total
];

TOT_INH_TOX = [
0.00000E+00 % lost data
2.61950E+06 % total
];

BU = [ 0.00000E+00 ];

DAYS = [ 0.00000E+00 ];
