
ZAI = [
666
0
];

NAMES = [
'lost            '
'total           '
];

iLOST    = 1;
iTOT     = 2;

MAT_fuel_VOLUME = [ 2.00362E+07 2.00362E+07 ];

MAT_fuel_BURNUP = [ 0.00000E+00 0.00000E+00 ];

MAT_fuel_ADENS = [
0.00000E+00 4.62094E-17 % lost data
6.08104E-02 6.08105E-02 % total
];

MAT_fuel_MDENS = [
0.00000E+00 0.00000E+00 % lost data
2.37392E+00 2.37389E+00 % total
];

MAT_fuel_A = [
0.00000E+00 0.00000E+00 % lost data
6.24026E+14 4.21369E+19 % total
];

MAT_fuel_H = [
0.00000E+00 0.00000E+00 % lost data
5.24209E+02 1.51972E+07 % total
];

MAT_fuel_SF = [
0.00000E+00 0.00000E+00 % lost data
6.79527E+06 7.25772E+06 % total
];

MAT_fuel_GSRC = [
0.00000E+00 0.00000E+00 % lost data
3.37654E+13 3.77245E+19 % total
];

MAT_fuel_ING_TOX = [
0.00000E+00 0.00000E+00 % lost data
1.56006E+08 3.88626E+11 % total
];

MAT_fuel_INH_TOX = [
0.00000E+00 0.00000E+00 % lost data
7.48831E+10 6.03399E+11 % total
];

MAT_Umetal_VOLUME = [ 1.00000E+06 1.00000E+06 ];

MAT_Umetal_BURNUP = [ 0.00000E+00 0.00000E+00 ];

MAT_Umetal_ADENS = [
0.00000E+00 0.00000E+00 % lost data
4.83231E-02 4.83231E-02 % total
];

MAT_Umetal_MDENS = [
0.00000E+00 0.00000E+00 % lost data
1.91003E+01 1.91003E+01 % total
];

MAT_Umetal_A = [
0.00000E+00 0.00000E+00 % lost data
2.46700E+11 3.41193E+11 % total
];

MAT_Umetal_H = [
0.00000E+00 0.00000E+00 % lost data
1.69570E-01 1.80824E-01 % total
];

MAT_Umetal_SF = [
0.00000E+00 0.00000E+00 % lost data
1.28771E+07 1.28771E+07 % total
];

MAT_Umetal_GSRC = [
0.00000E+00 0.00000E+00 % lost data
3.03383E+10 3.03383E+10 % total
];

MAT_Umetal_ING_TOX = [
0.00000E+00 0.00000E+00 % lost data
1.11232E+04 1.12938E+04 % total
];

MAT_Umetal_INH_TOX = [
0.00000E+00 0.00000E+00 % lost data
1.97902E+06 1.97938E+06 % total
];

MAT_offgastank_VOLUME = [ 1.00000E+06 1.00000E+06 ];

MAT_offgastank_BURNUP = [ 0.00000E+00 0.00000E+00 ];

MAT_offgastank_ADENS = [
0.00000E+00 0.00000E+00 % lost data
0.00000E+00 3.17376E-06 % total
];

MAT_offgastank_MDENS = [
0.00000E+00 0.00000E+00 % lost data
0.00000E+00 5.95898E-04 % total
];

MAT_offgastank_A = [
0.00000E+00 0.00000E+00 % lost data
0.00000E+00 3.80924E+18 % total
];

MAT_offgastank_H = [
0.00000E+00 0.00000E+00 % lost data
0.00000E+00 1.10812E+06 % total
];

MAT_offgastank_SF = [
0.00000E+00 0.00000E+00 % lost data
0.00000E+00 0.00000E+00 % total
];

MAT_offgastank_GSRC = [
0.00000E+00 0.00000E+00 % lost data
0.00000E+00 3.78170E+18 % total
];

MAT_offgastank_ING_TOX = [
0.00000E+00 0.00000E+00 % lost data
0.00000E+00 4.15028E+11 % total
];

MAT_offgastank_INH_TOX = [
0.00000E+00 0.00000E+00 % lost data
0.00000E+00 2.74351E+11 % total
];

MAT_excessfueltank_VOLUME = [ 1.00000E+06 1.00000E+06 ];

MAT_excessfueltank_BURNUP = [ 0.00000E+00 0.00000E+00 ];

MAT_excessfueltank_ADENS = [
0.00000E+00 0.00000E+00 % lost data
0.00000E+00 4.49974E-11 % total
];

MAT_excessfueltank_MDENS = [
0.00000E+00 0.00000E+00 % lost data
0.00000E+00 1.75660E-09 % total
];

MAT_excessfueltank_A = [
0.00000E+00 0.00000E+00 % lost data
0.00000E+00 8.47815E+07 % total
];

MAT_excessfueltank_H = [
0.00000E+00 0.00000E+00 % lost data
0.00000E+00 1.93366E-05 % total
];

MAT_excessfueltank_SF = [
0.00000E+00 0.00000E+00 % lost data
0.00000E+00 2.59538E-04 % total
];

MAT_excessfueltank_GSRC = [
0.00000E+00 0.00000E+00 % lost data
0.00000E+00 9.48671E+07 % total
];

MAT_excessfueltank_ING_TOX = [
0.00000E+00 0.00000E+00 % lost data
0.00000E+00 1.48428E+00 % total
];

MAT_excessfueltank_INH_TOX = [
0.00000E+00 0.00000E+00 % lost data
0.00000E+00 3.95234E+00 % total
];

MAT_absorbertank_VOLUME = [ 1.00000E+06 1.00000E+06 ];

MAT_absorbertank_BURNUP = [ 0.00000E+00 0.00000E+00 ];

MAT_absorbertank_ADENS = [
0.00000E+00 0.00000E+00 % lost data
5.98714E-02 5.98714E-02 % total
];

MAT_absorbertank_MDENS = [
0.00000E+00 0.00000E+00 % lost data
5.32512E+00 5.32512E+00 % total
];

MAT_absorbertank_A = [
0.00000E+00 0.00000E+00 % lost data
6.08818E+03 6.08818E+03 % total
];

MAT_absorbertank_H = [
0.00000E+00 0.00000E+00 % lost data
2.14887E-09 2.14887E-09 % total
];

MAT_absorbertank_SF = [
0.00000E+00 0.00000E+00 % lost data
0.00000E+00 0.00000E+00 % total
];

MAT_absorbertank_GSRC = [
0.00000E+00 0.00000E+00 % lost data
0.00000E+00 0.00000E+00 % total
];

MAT_absorbertank_ING_TOX = [
0.00000E+00 0.00000E+00 % lost data
2.49615E-04 2.49615E-04 % total
];

MAT_absorbertank_INH_TOX = [
0.00000E+00 0.00000E+00 % lost data
1.15675E-01 1.15675E-01 % total
];

MAT_refuel_VOLUME = [ 1.00000E+06 1.00000E+06 ];

MAT_refuel_BURNUP = [ 0.00000E+00 0.00000E+00 ];

MAT_refuel_ADENS = [
0.00000E+00 0.00000E+00 % lost data
5.77956E-02 5.77956E-02 % total
];

MAT_refuel_MDENS = [
0.00000E+00 0.00000E+00 % lost data
2.41265E+00 2.41265E+00 % total
];

MAT_refuel_A = [
0.00000E+00 0.00000E+00 % lost data
5.18312E+14 5.18312E+14 % total
];

MAT_refuel_H = [
0.00000E+00 0.00000E+00 % lost data
4.35405E+02 4.35404E+02 % total
];

MAT_refuel_SF = [
0.00000E+00 0.00000E+00 % lost data
5.64411E+06 5.64410E+06 % total
];

MAT_refuel_GSRC = [
0.00000E+00 0.00000E+00 % lost data
2.80453E+13 2.80453E+13 % total
];

MAT_refuel_ING_TOX = [
0.00000E+00 0.00000E+00 % lost data
1.29578E+08 1.29578E+08 % total
];

MAT_refuel_INH_TOX = [
0.00000E+00 0.00000E+00 % lost data
6.21974E+10 6.21974E+10 % total
];

MAT_dummy_VOLUME = [ 1.00000E+00 1.00000E+00 ];

MAT_dummy_BURNUP = [ 0.00000E+00 0.00000E+00 ];

MAT_dummy_ADENS = [
0.00000E+00 0.00000E+00 % lost data
0.00000E+00 0.00000E+00 % total
];

MAT_dummy_MDENS = [
0.00000E+00 0.00000E+00 % lost data
0.00000E+00 0.00000E+00 % total
];

MAT_dummy_A = [
0.00000E+00 0.00000E+00 % lost data
0.00000E+00 0.00000E+00 % total
];

MAT_dummy_H = [
0.00000E+00 0.00000E+00 % lost data
0.00000E+00 0.00000E+00 % total
];

MAT_dummy_SF = [
0.00000E+00 0.00000E+00 % lost data
0.00000E+00 0.00000E+00 % total
];

MAT_dummy_GSRC = [
0.00000E+00 0.00000E+00 % lost data
0.00000E+00 0.00000E+00 % total
];

MAT_dummy_ING_TOX = [
0.00000E+00 0.00000E+00 % lost data
0.00000E+00 0.00000E+00 % total
];

MAT_dummy_INH_TOX = [
0.00000E+00 0.00000E+00 % lost data
0.00000E+00 0.00000E+00 % total
];

TOT_VOLUME = [ 2.50362E+07 2.50362E+07 ];

TOT_BURNUP = [ 0.00000E+00 0.00000E+00 ];

TOT_ADENS = [
0.00000E+00 3.69809E-17 % lost data
5.52959E-02 5.52962E-02 % total
];

TOT_MASS = [
0.00000E+00 0.00000E+00 % lost data
7.44026E+07 7.44026E+07 % total
];

TOT_A = [
0.00000E+00 0.00000E+00 % lost data
1.14258E+15 4.59467E+19 % total
];

TOT_H = [
0.00000E+00 0.00000E+00 % lost data
9.59783E+02 1.63058E+07 % total
];

TOT_SF = [
0.00000E+00 0.00000E+00 % lost data
2.53165E+07 2.57789E+07 % total
];

TOT_GSRC = [
0.00000E+00 0.00000E+00 % lost data
6.18411E+13 4.15063E+19 % total
];

TOT_ING_TOX = [
0.00000E+00 0.00000E+00 % lost data
2.85595E+08 8.03783E+11 % total
];

TOT_INH_TOX = [
0.00000E+00 0.00000E+00 % lost data
1.37082E+11 9.39950E+11 % total
];

BU = [ 0.00000E+00 1.07532E-01 ];

DAYS = [ 0.00000E+00 7.00000E+00 ];
