
ZAI = [
666
0
];

NAMES = [
'lost            '
'total           '
];

iLOST    = 1;
iTOT     = 2;

MAT_fuel_VOLUME = [ 1.63265E+07 1.63265E+07 ];

MAT_fuel_BURNUP = [ 0.00000E+00 0.00000E+00 ];

MAT_fuel_ADENS = [
0.00000E+00 1.13545E-14 % lost data
9.30954E-02 9.30967E-02 % total
];

MAT_fuel_MDENS = [
0.00000E+00 0.00000E+00 % lost data
3.90510E+00 3.90516E+00 % total
];

MAT_fuel_A = [
0.00000E+00 0.00000E+00 % lost data
2.24813E+19 6.10315E+19 % total
];

MAT_fuel_H = [
0.00000E+00 0.00000E+00 % lost data
2.02947E+06 1.70617E+07 % total
];

MAT_fuel_SF = [
0.00000E+00 0.00000E+00 % lost data
5.94819E+09 5.98914E+09 % total
];

MAT_fuel_GSRC = [
0.00000E+00 0.00000E+00 % lost data
2.30260E+19 5.23328E+19 % total
];

MAT_fuel_ING_TOX = [
0.00000E+00 0.00000E+00 % lost data
2.85541E+10 3.69672E+11 % total
];

MAT_fuel_INH_TOX = [
0.00000E+00 0.00000E+00 % lost data
1.13670E+12 1.62035E+12 % total
];

MAT_refuel_VOLUME = [ 1.00000E+06 1.00000E+06 ];

MAT_refuel_BURNUP = [ 0.00000E+00 0.00000E+00 ];

MAT_refuel_ADENS = [
0.00000E+00 0.00000E+00 % lost data
7.95988E-02 7.95988E-02 % total
];

MAT_refuel_MDENS = [
0.00000E+00 0.00000E+00 % lost data
3.35300E+00 3.35300E+00 % total
];

MAT_refuel_A = [
0.00000E+00 0.00000E+00 % lost data
5.35476E+10 9.18961E+10 % total
];

MAT_refuel_H = [
0.00000E+00 0.00000E+00 % lost data
2.81536E-02 3.26363E-02 % total
];

MAT_refuel_SF = [
0.00000E+00 0.00000E+00 % lost data
8.16260E+05 8.16260E+05 % total
];

MAT_refuel_GSRC = [
0.00000E+00 0.00000E+00 % lost data
2.98220E+10 2.98220E+10 % total
];

MAT_refuel_ING_TOX = [
0.00000E+00 0.00000E+00 % lost data
1.83669E+03 1.85228E+03 % total
];

MAT_refuel_INH_TOX = [
0.00000E+00 0.00000E+00 % lost data
3.21052E+05 3.21067E+05 % total
];

MAT_offgastank_VOLUME = [ 1.00000E+06 1.00000E+06 ];

MAT_offgastank_BURNUP = [ 0.00000E+00 0.00000E+00 ];

MAT_offgastank_ADENS = [
0.00000E+00 0.00000E+00 % lost data
1.30543E-03 1.30930E-03 % total
];

MAT_offgastank_MDENS = [
0.00000E+00 0.00000E+00 % lost data
2.36169E-01 2.36875E-01 % total
];

MAT_offgastank_A = [
0.00000E+00 0.00000E+00 % lost data
1.71135E+18 5.78583E+18 % total
];

MAT_offgastank_H = [
0.00000E+00 0.00000E+00 % lost data
1.43661E+05 1.72014E+06 % total
];

MAT_offgastank_SF = [
0.00000E+00 0.00000E+00 % lost data
0.00000E+00 0.00000E+00 % total
];

MAT_offgastank_GSRC = [
0.00000E+00 0.00000E+00 % lost data
1.34720E+18 5.30811E+18 % total
];

MAT_offgastank_ING_TOX = [
0.00000E+00 0.00000E+00 % lost data
4.52407E+11 5.95447E+11 % total
];

MAT_offgastank_INH_TOX = [
0.00000E+00 0.00000E+00 % lost data
6.36903E+11 7.11638E+11 % total
];

MAT_excessfueltank_VOLUME = [ 1.00000E+06 1.00000E+06 ];

MAT_excessfueltank_BURNUP = [ 0.00000E+00 0.00000E+00 ];

MAT_excessfueltank_ADENS = [
0.00000E+00 0.00000E+00 % lost data
2.38547E-01 2.38636E-01 % total
];

MAT_excessfueltank_MDENS = [
0.00000E+00 0.00000E+00 % lost data
1.00267E+01 1.00304E+01 % total
];

MAT_excessfueltank_A = [
0.00000E+00 0.00000E+00 % lost data
7.45876E+16 9.77352E+16 % total
];

MAT_excessfueltank_H = [
0.00000E+00 0.00000E+00 % lost data
4.65398E+03 9.37691E+03 % total
];

MAT_excessfueltank_SF = [
0.00000E+00 0.00000E+00 % lost data
1.61315E+08 1.60096E+08 % total
];

MAT_excessfueltank_GSRC = [
0.00000E+00 0.00000E+00 % lost data
2.21283E+16 2.47684E+16 % total
];

MAT_excessfueltank_ING_TOX = [
0.00000E+00 0.00000E+00 % lost data
3.90398E+08 4.02380E+08 % total
];

MAT_excessfueltank_INH_TOX = [
0.00000E+00 0.00000E+00 % lost data
6.14213E+10 6.13419E+10 % total
];

MAT_absorbertank_VOLUME = [ 1.00000E+06 1.00000E+06 ];

MAT_absorbertank_BURNUP = [ 0.00000E+00 0.00000E+00 ];

MAT_absorbertank_ADENS = [
0.00000E+00 0.00000E+00 % lost data
1.99571E-02 1.99571E-02 % total
];

MAT_absorbertank_MDENS = [
0.00000E+00 0.00000E+00 % lost data
1.77504E+00 1.77504E+00 % total
];

MAT_absorbertank_A = [
0.00000E+00 0.00000E+00 % lost data
2.02939E+03 2.02939E+03 % total
];

MAT_absorbertank_H = [
0.00000E+00 0.00000E+00 % lost data
7.16289E-10 7.16289E-10 % total
];

MAT_absorbertank_SF = [
0.00000E+00 0.00000E+00 % lost data
0.00000E+00 0.00000E+00 % total
];

MAT_absorbertank_GSRC = [
0.00000E+00 0.00000E+00 % lost data
0.00000E+00 0.00000E+00 % total
];

MAT_absorbertank_ING_TOX = [
0.00000E+00 0.00000E+00 % lost data
8.32051E-05 8.32051E-05 % total
];

MAT_absorbertank_INH_TOX = [
0.00000E+00 0.00000E+00 % lost data
3.85585E-02 3.85585E-02 % total
];

MAT_dummy_VOLUME = [ 1.00000E+00 1.00000E+00 ];

MAT_dummy_BURNUP = [ 0.00000E+00 0.00000E+00 ];

MAT_dummy_ADENS = [
0.00000E+00 0.00000E+00 % lost data
0.00000E+00 0.00000E+00 % total
];

MAT_dummy_MDENS = [
0.00000E+00 0.00000E+00 % lost data
0.00000E+00 0.00000E+00 % total
];

MAT_dummy_A = [
0.00000E+00 0.00000E+00 % lost data
0.00000E+00 0.00000E+00 % total
];

MAT_dummy_H = [
0.00000E+00 0.00000E+00 % lost data
0.00000E+00 0.00000E+00 % total
];

MAT_dummy_SF = [
0.00000E+00 0.00000E+00 % lost data
0.00000E+00 0.00000E+00 % total
];

MAT_dummy_GSRC = [
0.00000E+00 0.00000E+00 % lost data
0.00000E+00 0.00000E+00 % total
];

MAT_dummy_ING_TOX = [
0.00000E+00 0.00000E+00 % lost data
0.00000E+00 0.00000E+00 % total
];

MAT_dummy_INH_TOX = [
0.00000E+00 0.00000E+00 % lost data
0.00000E+00 0.00000E+00 % total
];

TOT_VOLUME = [ 2.03265E+07 2.03265E+07 ];

TOT_BURNUP = [ 0.00000E+00 0.00000E+00 ];

TOT_ADENS = [
0.00000E+00 9.12009E-15 % lost data
9.14732E-02 9.14788E-02 % total
];

TOT_MASS = [
0.00000E+00 0.00000E+00 % lost data
7.91475E+07 7.91529E+07 % total
];

TOT_A = [
0.00000E+00 0.00000E+00 % lost data
2.42672E+19 6.69151E+19 % total
];

TOT_H = [
0.00000E+00 0.00000E+00 % lost data
2.17779E+06 1.87912E+07 % total
];

TOT_SF = [
0.00000E+00 0.00000E+00 % lost data
6.11032E+09 6.15006E+09 % total
];

TOT_GSRC = [
0.00000E+00 0.00000E+00 % lost data
2.43953E+19 5.76657E+19 % total
];

TOT_ING_TOX = [
0.00000E+00 0.00000E+00 % lost data
4.81352E+11 9.65522E+11 % total
];

TOT_INH_TOX = [
0.00000E+00 0.00000E+00 % lost data
1.83502E+12 2.39333E+12 % total
];

BU = [ 0.00000E+00 6.21024E-02 ];

DAYS = [ 0.00000E+00 7.00000E+00 ];
