
ZAI = [
666
0
];

NAMES = [
'lost            '
'total           '
];

iLOST    = 1;
iTOT     = 2;

MAT_fuel_VOLUME = [ 1.63265E+07 1.63265E+07 1.63265E+07 1.63265E+07 1.63265E+07 1.63265E+07 1.63265E+07 1.63265E+07 1.63265E+07 1.63265E+07 1.63265E+07 1.63265E+07 1.63265E+07 1.63265E+07 1.63265E+07 1.63265E+07 1.63265E+07 ];

MAT_fuel_BURNUP = [ 0.00000E+00 0.00000E+00 0.00000E+00 0.00000E+00 0.00000E+00 0.00000E+00 0.00000E+00 0.00000E+00 0.00000E+00 0.00000E+00 0.00000E+00 0.00000E+00 0.00000E+00 0.00000E+00 0.00000E+00 0.00000E+00 0.00000E+00 ];

MAT_fuel_ADENS = [
0.00000E+00 1.17569E-14 2.35483E-14 3.53645E-14 4.72134E-14 5.90887E-14 7.09943E-14 8.29275E-14 9.48958E-14 1.06879E-13 1.18911E-13 1.30958E-13 1.43023E-13 1.55118E-13 1.67238E-13 1.79380E-13 1.91538E-13 % lost data
7.95906E-02 8.07929E-02 8.19952E-02 8.31975E-02 8.43998E-02 8.56021E-02 8.68044E-02 8.80067E-02 8.92089E-02 9.04112E-02 9.16135E-02 9.28158E-02 9.40181E-02 9.52204E-02 9.64227E-02 9.76250E-02 9.88273E-02 % total
];

MAT_fuel_MDENS = [
0.00000E+00 0.00000E+00 0.00000E+00 0.00000E+00 0.00000E+00 0.00000E+00 0.00000E+00 0.00000E+00 0.00000E+00 0.00000E+00 0.00000E+00 0.00000E+00 0.00000E+00 0.00000E+00 0.00000E+00 0.00000E+00 0.00000E+00 % lost data
3.34948E+00 3.40003E+00 3.45058E+00 3.50112E+00 3.55167E+00 3.60221E+00 3.65275E+00 3.70330E+00 3.75384E+00 3.80439E+00 3.85493E+00 3.90547E+00 3.95602E+00 4.00656E+00 4.05711E+00 4.10765E+00 4.15819E+00 % total
];

MAT_fuel_A = [
0.00000E+00 0.00000E+00 0.00000E+00 0.00000E+00 0.00000E+00 0.00000E+00 0.00000E+00 0.00000E+00 0.00000E+00 0.00000E+00 0.00000E+00 0.00000E+00 0.00000E+00 0.00000E+00 0.00000E+00 0.00000E+00 0.00000E+00 % lost data
6.29465E+11 5.05928E+19 5.22033E+19 5.28810E+19 5.33424E+19 5.36773E+19 5.39723E+19 5.42031E+19 5.44138E+19 5.45977E+19 5.47556E+19 5.49082E+19 5.50454E+19 5.51763E+19 5.52864E+19 5.53976E+19 5.54845E+19 % total
];

MAT_fuel_H = [
0.00000E+00 0.00000E+00 0.00000E+00 0.00000E+00 0.00000E+00 0.00000E+00 0.00000E+00 0.00000E+00 0.00000E+00 0.00000E+00 0.00000E+00 0.00000E+00 0.00000E+00 0.00000E+00 0.00000E+00 0.00000E+00 0.00000E+00 % lost data
4.52038E-01 1.69183E+07 1.70997E+07 1.71825E+07 1.72378E+07 1.72753E+07 1.73065E+07 1.73307E+07 1.73512E+07 1.73674E+07 1.73821E+07 1.73950E+07 1.74060E+07 1.74162E+07 1.74262E+07 1.74347E+07 1.74421E+07 % total
];

MAT_fuel_SF = [
0.00000E+00 0.00000E+00 0.00000E+00 0.00000E+00 0.00000E+00 0.00000E+00 0.00000E+00 0.00000E+00 0.00000E+00 0.00000E+00 0.00000E+00 0.00000E+00 0.00000E+00 0.00000E+00 0.00000E+00 0.00000E+00 0.00000E+00 % lost data
1.32870E+07 1.34871E+07 1.36874E+07 1.38880E+07 1.40889E+07 1.42900E+07 1.44914E+07 1.46929E+07 1.48947E+07 1.50967E+07 1.52989E+07 1.55012E+07 1.57038E+07 1.59065E+07 1.61094E+07 1.63125E+07 1.65157E+07 % total
];

MAT_fuel_GSRC = [
0.00000E+00 0.00000E+00 0.00000E+00 0.00000E+00 0.00000E+00 0.00000E+00 0.00000E+00 0.00000E+00 0.00000E+00 0.00000E+00 0.00000E+00 0.00000E+00 0.00000E+00 0.00000E+00 0.00000E+00 0.00000E+00 0.00000E+00 % lost data
4.86875E+11 4.30113E+19 4.49539E+19 4.55963E+19 4.59742E+19 4.62245E+19 4.64429E+19 4.66023E+19 4.67499E+19 4.68777E+19 4.69829E+19 4.70892E+19 4.71845E+19 4.72778E+19 4.73507E+19 4.74292E+19 4.74839E+19 % total
];

MAT_fuel_ING_TOX = [
0.00000E+00 0.00000E+00 0.00000E+00 0.00000E+00 0.00000E+00 0.00000E+00 0.00000E+00 0.00000E+00 0.00000E+00 0.00000E+00 0.00000E+00 0.00000E+00 0.00000E+00 0.00000E+00 0.00000E+00 0.00000E+00 0.00000E+00 % lost data
2.90982E+04 3.05510E+11 3.08897E+11 3.10624E+11 3.11718E+11 3.12427E+11 3.12973E+11 3.13376E+11 3.13712E+11 3.13965E+11 3.14205E+11 3.14411E+11 3.14589E+11 3.14757E+11 3.14921E+11 3.15072E+11 3.15203E+11 % total
];

MAT_fuel_INH_TOX = [
0.00000E+00 0.00000E+00 0.00000E+00 0.00000E+00 0.00000E+00 0.00000E+00 0.00000E+00 0.00000E+00 0.00000E+00 0.00000E+00 0.00000E+00 0.00000E+00 0.00000E+00 0.00000E+00 0.00000E+00 0.00000E+00 0.00000E+00 % lost data
5.22878E+06 4.40922E+11 4.45267E+11 4.48184E+11 4.50572E+11 4.52573E+11 4.54403E+11 4.56043E+11 4.57575E+11 4.58967E+11 4.60316E+11 4.61588E+11 4.62793E+11 4.63958E+11 4.65095E+11 4.66189E+11 4.67236E+11 % total
];

MAT_refuel_VOLUME = [ 1.00000E+06 1.00000E+06 1.00000E+06 1.00000E+06 1.00000E+06 1.00000E+06 1.00000E+06 1.00000E+06 1.00000E+06 1.00000E+06 1.00000E+06 1.00000E+06 1.00000E+06 1.00000E+06 1.00000E+06 1.00000E+06 1.00000E+06 ];

MAT_refuel_BURNUP = [ 0.00000E+00 0.00000E+00 0.00000E+00 0.00000E+00 0.00000E+00 0.00000E+00 0.00000E+00 0.00000E+00 0.00000E+00 0.00000E+00 0.00000E+00 0.00000E+00 0.00000E+00 0.00000E+00 0.00000E+00 0.00000E+00 0.00000E+00 ];

MAT_refuel_ADENS = [
0.00000E+00 0.00000E+00 0.00000E+00 0.00000E+00 0.00000E+00 0.00000E+00 0.00000E+00 0.00000E+00 0.00000E+00 0.00000E+00 0.00000E+00 0.00000E+00 0.00000E+00 0.00000E+00 0.00000E+00 0.00000E+00 0.00000E+00 % lost data
7.95906E-02 7.95906E-02 7.95906E-02 7.95906E-02 7.95906E-02 7.95906E-02 7.95906E-02 7.95906E-02 7.95906E-02 7.95906E-02 7.95906E-02 7.95906E-02 7.95906E-02 7.95906E-02 7.95906E-02 7.95906E-02 7.95906E-02 % total
];

MAT_refuel_MDENS = [
0.00000E+00 0.00000E+00 0.00000E+00 0.00000E+00 0.00000E+00 0.00000E+00 0.00000E+00 0.00000E+00 0.00000E+00 0.00000E+00 0.00000E+00 0.00000E+00 0.00000E+00 0.00000E+00 0.00000E+00 0.00000E+00 0.00000E+00 % lost data
3.34948E+00 3.34948E+00 3.34948E+00 3.34948E+00 3.34948E+00 3.34948E+00 3.34948E+00 3.34948E+00 3.34948E+00 3.34948E+00 3.34948E+00 3.34948E+00 3.34948E+00 3.34948E+00 3.34948E+00 3.34948E+00 3.34948E+00 % total
];

MAT_refuel_A = [
0.00000E+00 0.00000E+00 0.00000E+00 0.00000E+00 0.00000E+00 0.00000E+00 0.00000E+00 0.00000E+00 0.00000E+00 0.00000E+00 0.00000E+00 0.00000E+00 0.00000E+00 0.00000E+00 0.00000E+00 0.00000E+00 0.00000E+00 % lost data
3.85549E+10 6.72508E+10 7.19655E+10 7.56235E+10 7.86123E+10 8.10561E+10 8.30543E+10 8.46881E+10 8.60239E+10 8.71162E+10 8.80092E+10 8.87394E+10 8.93365E+10 8.98247E+10 9.02239E+10 9.05502E+10 9.08171E+10 % total
];

MAT_refuel_H = [
0.00000E+00 0.00000E+00 0.00000E+00 0.00000E+00 0.00000E+00 0.00000E+00 0.00000E+00 0.00000E+00 0.00000E+00 0.00000E+00 0.00000E+00 0.00000E+00 0.00000E+00 0.00000E+00 0.00000E+00 0.00000E+00 0.00000E+00 % lost data
2.76874E-02 2.93491E-02 2.99511E-02 3.04352E-02 3.08309E-02 3.11544E-02 3.14189E-02 3.16352E-02 3.18121E-02 3.19567E-02 3.20749E-02 3.21716E-02 3.22506E-02 3.23153E-02 3.23681E-02 3.24113E-02 3.24467E-02 % total
];

MAT_refuel_SF = [
0.00000E+00 0.00000E+00 0.00000E+00 0.00000E+00 0.00000E+00 0.00000E+00 0.00000E+00 0.00000E+00 0.00000E+00 0.00000E+00 0.00000E+00 0.00000E+00 0.00000E+00 0.00000E+00 0.00000E+00 0.00000E+00 0.00000E+00 % lost data
8.13833E+05 8.13833E+05 8.13833E+05 8.13833E+05 8.13833E+05 8.13833E+05 8.13833E+05 8.13833E+05 8.13833E+05 8.13833E+05 8.13833E+05 8.13833E+05 8.13833E+05 8.13833E+05 8.13833E+05 8.13833E+05 8.13833E+05 % total
];

MAT_refuel_GSRC = [
0.00000E+00 0.00000E+00 0.00000E+00 0.00000E+00 0.00000E+00 0.00000E+00 0.00000E+00 0.00000E+00 0.00000E+00 0.00000E+00 0.00000E+00 0.00000E+00 0.00000E+00 0.00000E+00 0.00000E+00 0.00000E+00 0.00000E+00 % lost data
2.98212E+10 2.98212E+10 2.98212E+10 2.98212E+10 2.98212E+10 2.98212E+10 2.98212E+10 2.98212E+10 2.98212E+10 2.98212E+10 2.98212E+10 2.98212E+10 2.98212E+10 2.98212E+10 2.98212E+10 2.98213E+10 2.98213E+10 % total
];

MAT_refuel_ING_TOX = [
0.00000E+00 0.00000E+00 0.00000E+00 0.00000E+00 0.00000E+00 0.00000E+00 0.00000E+00 0.00000E+00 0.00000E+00 0.00000E+00 0.00000E+00 0.00000E+00 0.00000E+00 0.00000E+00 0.00000E+00 0.00000E+00 0.00000E+00 % lost data
1.78227E+03 1.80078E+03 1.80958E+03 1.81670E+03 1.82252E+03 1.82729E+03 1.83118E+03 1.83437E+03 1.83698E+03 1.83911E+03 1.84086E+03 1.84229E+03 1.84345E+03 1.84441E+03 1.84520E+03 1.84584E+03 1.84636E+03 % total
];

