
ZAI = [
666
0
];

NAMES = [
'lost            '
'total           '
];

iLOST    = 1;
iTOT     = 2;

MAT_fuel_VOLUME = [ 1.63265E+07 1.63265E+07 ];

MAT_fuel_BURNUP = [ 0.00000E+00 0.00000E+00 ];

MAT_fuel_ADENS = [
0.00000E+00 1.13569E-14 % lost data
9.30948E-02 9.30950E-02 % total
];

MAT_fuel_MDENS = [
0.00000E+00 0.00000E+00 % lost data
3.90533E+00 3.90529E+00 % total
];

MAT_fuel_A = [
0.00000E+00 0.00000E+00 % lost data
2.24206E+19 6.09986E+19 % total
];

MAT_fuel_H = [
0.00000E+00 0.00000E+00 % lost data
2.02416E+06 1.70618E+07 % total
];

MAT_fuel_SF = [
0.00000E+00 0.00000E+00 % lost data
5.74809E+09 5.78721E+09 % total
];

MAT_fuel_GSRC = [
0.00000E+00 0.00000E+00 % lost data
2.29673E+19 5.23092E+19 % total
];

MAT_fuel_ING_TOX = [
0.00000E+00 0.00000E+00 % lost data
2.84620E+10 3.68971E+11 % total
];

MAT_fuel_INH_TOX = [
0.00000E+00 0.00000E+00 % lost data
1.11210E+12 1.59491E+12 % total
];

MAT_refuel_VOLUME = [ 1.00000E+06 1.00000E+06 ];

MAT_refuel_BURNUP = [ 0.00000E+00 0.00000E+00 ];

MAT_refuel_ADENS = [
0.00000E+00 0.00000E+00 % lost data
7.95988E-02 7.95988E-02 % total
];

MAT_refuel_MDENS = [
0.00000E+00 0.00000E+00 % lost data
3.35300E+00 3.35300E+00 % total
];

MAT_refuel_A = [
0.00000E+00 0.00000E+00 % lost data
5.35475E+10 9.18960E+10 % total
];

MAT_refuel_H = [
0.00000E+00 0.00000E+00 % lost data
2.81535E-02 3.26363E-02 % total
];

MAT_refuel_SF = [
0.00000E+00 0.00000E+00 % lost data
8.16260E+05 8.16260E+05 % total
];

MAT_refuel_GSRC = [
0.00000E+00 0.00000E+00 % lost data
2.98219E+10 2.98220E+10 % total
];

MAT_refuel_ING_TOX = [
0.00000E+00 0.00000E+00 % lost data
1.83666E+03 1.85225E+03 % total
];

MAT_refuel_INH_TOX = [
0.00000E+00 0.00000E+00 % lost data
3.21046E+05 3.21062E+05 % total
];

MAT_offgastank_VOLUME = [ 1.00000E+06 1.00000E+06 ];

MAT_offgastank_BURNUP = [ 0.00000E+00 0.00000E+00 ];

MAT_offgastank_ADENS = [
0.00000E+00 0.00000E+00 % lost data
1.28603E-03 1.28990E-03 % total
];

MAT_offgastank_MDENS = [
0.00000E+00 0.00000E+00 % lost data
2.32601E-01 2.33307E-01 % total
];

MAT_offgastank_A = [
0.00000E+00 0.00000E+00 % lost data
1.70994E+18 5.79261E+18 % total
];

MAT_offgastank_H = [
0.00000E+00 0.00000E+00 % lost data
1.43649E+05 1.72412E+06 % total
];

MAT_offgastank_SF = [
0.00000E+00 0.00000E+00 % lost data
0.00000E+00 0.00000E+00 % total
];

MAT_offgastank_GSRC = [
0.00000E+00 0.00000E+00 % lost data
1.34740E+18 5.31552E+18 % total
];

MAT_offgastank_ING_TOX = [
0.00000E+00 0.00000E+00 % lost data
4.52268E+11 5.95666E+11 % total
];

MAT_offgastank_INH_TOX = [
0.00000E+00 0.00000E+00 % lost data
6.33295E+11 7.08189E+11 % total
];

MAT_excessfueltank_VOLUME = [ 1.00000E+06 1.00000E+06 ];

MAT_excessfueltank_BURNUP = [ 0.00000E+00 0.00000E+00 ];

MAT_excessfueltank_ADENS = [
0.00000E+00 0.00000E+00 % lost data
2.38547E-01 2.38551E-01 % total
];

MAT_excessfueltank_MDENS = [
0.00000E+00 0.00000E+00 % lost data
1.00267E+01 1.00268E+01 % total
];

MAT_excessfueltank_A = [
0.00000E+00 0.00000E+00 % lost data
7.45876E+16 9.71111E+16 % total
];

MAT_excessfueltank_H = [
0.00000E+00 0.00000E+00 % lost data
4.65398E+03 9.30821E+03 % total
];

MAT_excessfueltank_SF = [
0.00000E+00 0.00000E+00 % lost data
1.61315E+08 1.59762E+08 % total
];

MAT_excessfueltank_GSRC = [
0.00000E+00 0.00000E+00 % lost data
2.21283E+16 2.41688E+16 % total
];

MAT_excessfueltank_ING_TOX = [
0.00000E+00 0.00000E+00 % lost data
3.90398E+08 3.99118E+08 % total
];

MAT_excessfueltank_INH_TOX = [
0.00000E+00 0.00000E+00 % lost data
6.14213E+10 6.12769E+10 % total
];

MAT_absorbertank_VOLUME = [ 1.00000E+06 1.00000E+06 ];

MAT_absorbertank_BURNUP = [ 0.00000E+00 0.00000E+00 ];

MAT_absorbertank_ADENS = [
0.00000E+00 0.00000E+00 % lost data
1.99571E-02 1.99571E-02 % total
];

MAT_absorbertank_MDENS = [
0.00000E+00 0.00000E+00 % lost data
1.77504E+00 1.77504E+00 % total
];

MAT_absorbertank_A = [
0.00000E+00 0.00000E+00 % lost data
2.02939E+03 2.02939E+03 % total
];

MAT_absorbertank_H = [
0.00000E+00 0.00000E+00 % lost data
7.16289E-10 7.16289E-10 % total
];

MAT_absorbertank_SF = [
0.00000E+00 0.00000E+00 % lost data
0.00000E+00 0.00000E+00 % total
];

MAT_absorbertank_GSRC = [
0.00000E+00 0.00000E+00 % lost data
0.00000E+00 0.00000E+00 % total
];

MAT_absorbertank_ING_TOX = [
0.00000E+00 0.00000E+00 % lost data
8.32051E-05 8.32051E-05 % total
];

MAT_absorbertank_INH_TOX = [
0.00000E+00 0.00000E+00 % lost data
3.85585E-02 3.85585E-02 % total
];

MAT_dummy_VOLUME = [ 1.00000E+00 1.00000E+00 ];

MAT_dummy_BURNUP = [ 0.00000E+00 0.00000E+00 ];

MAT_dummy_ADENS = [
0.00000E+00 0.00000E+00 % lost data
0.00000E+00 0.00000E+00 % total
];

MAT_dummy_MDENS = [
0.00000E+00 0.00000E+00 % lost data
0.00000E+00 0.00000E+00 % total
];

MAT_dummy_A = [
0.00000E+00 0.00000E+00 % lost data
0.00000E+00 0.00000E+00 % total
];

MAT_dummy_H = [
0.00000E+00 0.00000E+00 % lost data
0.00000E+00 0.00000E+00 % total
];

MAT_dummy_SF = [
0.00000E+00 0.00000E+00 % lost data
0.00000E+00 0.00000E+00 % total
];

MAT_dummy_GSRC = [
0.00000E+00 0.00000E+00 % lost data
0.00000E+00 0.00000E+00 % total
];

MAT_dummy_ING_TOX = [
0.00000E+00 0.00000E+00 % lost data
0.00000E+00 0.00000E+00 % total
];

MAT_dummy_INH_TOX = [
0.00000E+00 0.00000E+00 % lost data
0.00000E+00 0.00000E+00 % total
];

TOT_VOLUME = [ 2.03265E+07 2.03265E+07 ];

TOT_BURNUP = [ 0.00000E+00 0.00000E+00 ];

TOT_ADENS = [
0.00000E+00 9.12197E-15 % lost data
9.14718E-02 9.14723E-02 % total
];

TOT_MASS = [
0.00000E+00 0.00000E+00 % lost data
7.91476E+07 7.91479E+07 % total
];

TOT_A = [
0.00000E+00 0.00000E+00 % lost data
2.42051E+19 6.68883E+19 % total
];

TOT_H = [
0.00000E+00 0.00000E+00 % lost data
2.17247E+06 1.87952E+07 % total
];

TOT_SF = [
0.00000E+00 0.00000E+00 % lost data
5.91022E+09 5.94778E+09 % total
];

TOT_GSRC = [
0.00000E+00 0.00000E+00 % lost data
2.43369E+19 5.76489E+19 % total
];

TOT_ING_TOX = [
0.00000E+00 0.00000E+00 % lost data
4.81120E+11 9.65036E+11 % total
];

TOT_INH_TOX = [
0.00000E+00 0.00000E+00 % lost data
1.80682E+12 2.36438E+12 % total
];

BU = [ 0.00000E+00 6.20827E-02 ];

DAYS = [ 0.00000E+00 7.00000E+00 ];
