
ZAI = [
666
0
];

NAMES = [
'lost            '
'total           '
];

iLOST    = 1;
iTOT     = 2;

MAT_fuel_VOLUME = [ 1.63265E+07 1.63265E+07 ];

MAT_fuel_BURNUP = [ 0.00000E+00 0.00000E+00 ];

MAT_fuel_ADENS = [
0.00000E+00 1.68769E-14 % lost data
8.34300E-02 8.34411E-02 % total
];

MAT_fuel_MDENS = [
0.00000E+00 0.00000E+00 % lost data
4.82150E+00 4.82581E+00 % total
];

MAT_fuel_A = [
0.00000E+00 0.00000E+00 % lost data
2.35241E+19 6.22362E+19 % total
];

MAT_fuel_H = [
0.00000E+00 0.00000E+00 % lost data
2.12428E+06 1.72374E+07 % total
];

MAT_fuel_SF = [
0.00000E+00 0.00000E+00 % lost data
1.22886E+10 1.23339E+10 % total
];

MAT_fuel_GSRC = [
0.00000E+00 0.00000E+00 % lost data
2.40187E+19 5.34733E+19 % total
];

MAT_fuel_ING_TOX = [
0.00000E+00 0.00000E+00 % lost data
3.13441E+10 3.70045E+11 % total
];

MAT_fuel_INH_TOX = [
0.00000E+00 0.00000E+00 % lost data
2.02463E+12 2.50769E+12 % total
];

MAT_refuel_VOLUME = [ 1.00000E+06 1.00000E+06 ];

MAT_refuel_BURNUP = [ 0.00000E+00 0.00000E+00 ];

MAT_refuel_ADENS = [
0.00000E+00 0.00000E+00 % lost data
7.95988E-02 7.95988E-02 % total
];

MAT_refuel_MDENS = [
0.00000E+00 0.00000E+00 % lost data
3.35300E+00 3.35300E+00 % total
];

MAT_refuel_A = [
0.00000E+00 0.00000E+00 % lost data
5.35492E+10 9.18977E+10 % total
];

MAT_refuel_H = [
0.00000E+00 0.00000E+00 % lost data
2.81549E-02 3.26376E-02 % total
];

MAT_refuel_SF = [
0.00000E+00 0.00000E+00 % lost data
8.16260E+05 8.16260E+05 % total
];

MAT_refuel_GSRC = [
0.00000E+00 0.00000E+00 % lost data
2.98230E+10 2.98230E+10 % total
];

MAT_refuel_ING_TOX = [
0.00000E+00 0.00000E+00 % lost data
1.83773E+03 1.85331E+03 % total
];

MAT_refuel_INH_TOX = [
0.00000E+00 0.00000E+00 % lost data
3.21256E+05 3.21272E+05 % total
];

MAT_Umetal_VOLUME = [ 1.00000E+06 1.00000E+06 ];

MAT_Umetal_BURNUP = [ 0.00000E+00 0.00000E+00 ];

MAT_Umetal_ADENS = [
0.00000E+00 0.00000E+00 % lost data
4.83231E-02 4.83231E-02 % total
];

MAT_Umetal_MDENS = [
0.00000E+00 0.00000E+00 % lost data
1.91021E+01 1.91021E+01 % total
];

MAT_Umetal_A = [
0.00000E+00 0.00000E+00 % lost data
4.75103E+11 7.12645E+11 % total
];

MAT_Umetal_H = [
0.00000E+00 0.00000E+00 % lost data
1.69653E-01 2.25334E-01 % total
];

MAT_Umetal_SF = [
0.00000E+00 0.00000E+00 % lost data
1.29705E+07 1.29705E+07 % total
];

MAT_Umetal_GSRC = [
0.00000E+00 0.00000E+00 % lost data
1.72727E+10 1.72727E+10 % total
];

MAT_Umetal_ING_TOX = [
0.00000E+00 0.00000E+00 % lost data
1.14979E+04 1.16191E+04 % total
];

MAT_Umetal_INH_TOX = [
0.00000E+00 0.00000E+00 % lost data
1.90233E+06 1.90242E+06 % total
];

MAT_offgastank_VOLUME = [ 1.00000E+06 1.00000E+06 ];

MAT_offgastank_BURNUP = [ 0.00000E+00 0.00000E+00 ];

MAT_offgastank_ADENS = [
0.00000E+00 0.00000E+00 % lost data
2.01998E-03 2.02377E-03 % total
];

MAT_offgastank_MDENS = [
0.00000E+00 0.00000E+00 % lost data
3.74162E-01 3.74873E-01 % total
];

MAT_offgastank_A = [
0.00000E+00 0.00000E+00 % lost data
1.79241E+18 6.02822E+18 % total
];

MAT_offgastank_H = [
0.00000E+00 0.00000E+00 % lost data
1.49689E+05 1.78701E+06 % total
];

MAT_offgastank_SF = [
0.00000E+00 0.00000E+00 % lost data
0.00000E+00 0.00000E+00 % total
];

MAT_offgastank_GSRC = [
0.00000E+00 0.00000E+00 % lost data
1.35516E+18 5.46252E+18 % total
];

MAT_offgastank_ING_TOX = [
0.00000E+00 0.00000E+00 % lost data
4.57183E+11 6.06786E+11 % total
];

MAT_offgastank_INH_TOX = [
0.00000E+00 0.00000E+00 % lost data
7.72607E+11 8.50600E+11 % total
];

MAT_excessfueltank_VOLUME = [ 1.00000E+06 1.00000E+06 ];

MAT_excessfueltank_BURNUP = [ 0.00000E+00 0.00000E+00 ];

MAT_excessfueltank_ADENS = [
0.00000E+00 0.00000E+00 % lost data
5.73588E-01 5.75833E-01 % total
];

MAT_excessfueltank_MDENS = [
0.00000E+00 0.00000E+00 % lost data
2.83923E+01 2.85220E+01 % total
];

MAT_excessfueltank_A = [
0.00000E+00 0.00000E+00 % lost data
2.11382E+17 2.43809E+17 % total
];

MAT_excessfueltank_H = [
0.00000E+00 0.00000E+00 % lost data
1.43706E+04 2.24810E+04 % total
];

MAT_excessfueltank_SF = [
0.00000E+00 0.00000E+00 % lost data
1.03737E+09 1.05315E+09 % total
];

MAT_excessfueltank_GSRC = [
0.00000E+00 0.00000E+00 % lost data
8.60445E+16 7.37072E+16 % total
];

MAT_excessfueltank_ING_TOX = [
0.00000E+00 0.00000E+00 % lost data
1.58037E+09 1.54862E+09 % total
];

MAT_excessfueltank_INH_TOX = [
0.00000E+00 0.00000E+00 % lost data
3.00444E+11 3.03323E+11 % total
];

MAT_absorbertank_VOLUME = [ 1.00000E+06 1.00000E+06 ];

MAT_absorbertank_BURNUP = [ 0.00000E+00 0.00000E+00 ];

MAT_absorbertank_ADENS = [
0.00000E+00 0.00000E+00 % lost data
5.98714E-02 5.98714E-02 % total
];

MAT_absorbertank_MDENS = [
0.00000E+00 0.00000E+00 % lost data
5.32512E+00 5.32512E+00 % total
];

MAT_absorbertank_A = [
0.00000E+00 0.00000E+00 % lost data
6.08818E+03 6.08818E+03 % total
];

MAT_absorbertank_H = [
0.00000E+00 0.00000E+00 % lost data
2.14887E-09 2.14887E-09 % total
];

MAT_absorbertank_SF = [
0.00000E+00 0.00000E+00 % lost data
0.00000E+00 0.00000E+00 % total
];

MAT_absorbertank_GSRC = [
0.00000E+00 0.00000E+00 % lost data
0.00000E+00 0.00000E+00 % total
];

MAT_absorbertank_ING_TOX = [
0.00000E+00 0.00000E+00 % lost data
2.49615E-04 2.49615E-04 % total
];

MAT_absorbertank_INH_TOX = [
0.00000E+00 0.00000E+00 % lost data
1.15675E-01 1.15675E-01 % total
];

MAT_dummy_VOLUME = [ 1.00000E+00 1.00000E+00 ];

MAT_dummy_BURNUP = [ 0.00000E+00 0.00000E+00 ];

MAT_dummy_ADENS = [
0.00000E+00 0.00000E+00 % lost data
0.00000E+00 0.00000E+00 % total
];

MAT_dummy_MDENS = [
0.00000E+00 0.00000E+00 % lost data
0.00000E+00 0.00000E+00 % total
];

MAT_dummy_A = [
0.00000E+00 0.00000E+00 % lost data
0.00000E+00 0.00000E+00 % total
];

MAT_dummy_H = [
0.00000E+00 0.00000E+00 % lost data
0.00000E+00 0.00000E+00 % total
];

MAT_dummy_SF = [
0.00000E+00 0.00000E+00 % lost data
0.00000E+00 0.00000E+00 % total
];

MAT_dummy_GSRC = [
0.00000E+00 0.00000E+00 % lost data
0.00000E+00 0.00000E+00 % total
];

MAT_dummy_ING_TOX = [
0.00000E+00 0.00000E+00 % lost data
0.00000E+00 0.00000E+00 % total
];

MAT_dummy_INH_TOX = [
0.00000E+00 0.00000E+00 % lost data
0.00000E+00 0.00000E+00 % total
];

TOT_VOLUME = [ 2.13265E+07 2.13265E+07 ];

TOT_BURNUP = [ 0.00000E+00 0.00000E+00 ];

TOT_ADENS = [
0.00000E+00 1.29201E-14 % lost data
9.96657E-02 9.97797E-02 % total
];

TOT_MASS = [
0.00000E+00 0.00000E+00 % lost data
1.35265E+08 1.35466E+08 % total
];

TOT_A = [
0.00000E+00 0.00000E+00 % lost data
2.55279E+19 6.85082E+19 % total
];

TOT_H = [
0.00000E+00 0.00000E+00 % lost data
2.28834E+06 1.90469E+07 % total
];

TOT_SF = [
0.00000E+00 0.00000E+00 % lost data
1.33397E+10 1.34009E+10 % total
];

TOT_GSRC = [
0.00000E+00 0.00000E+00 % lost data
2.54599E+19 5.90095E+19 % total
];

TOT_ING_TOX = [
0.00000E+00 0.00000E+00 % lost data
4.90107E+11 9.78379E+11 % total
];

TOT_INH_TOX = [
0.00000E+00 0.00000E+00 % lost data
3.09768E+12 3.66162E+12 % total
];

BU = [ 0.00000E+00 2.51625E-02 ];

DAYS = [ 0.00000E+00 7.00000E+00 ];
