
ZAI = [
666
0
];

NAMES = [
'lost            '
'total           '
];

iLOST    = 1;
iTOT     = 2;

MAT_fuel_VOLUME = [ 1.63265E+07 1.63265E+07 ];

MAT_fuel_BURNUP = [ 0.00000E+00 0.00000E+00 ];

MAT_fuel_ADENS = [
0.00000E+00 2.14809E-14 % lost data
1.03380E-01 1.82707E-01 % total
];

MAT_fuel_MDENS = [
0.00000E+00 0.00000E+00 % lost data
4.35991E+00 7.70139E+00 % total
];

MAT_fuel_A = [
0.00000E+00 0.00000E+00 % lost data
2.23361E+19 1.70058E+20 % total
];

MAT_fuel_H = [
0.00000E+00 0.00000E+00 % lost data
2.05918E+06 5.86012E+07 % total
];

MAT_fuel_SF = [
0.00000E+00 0.00000E+00 % lost data
1.59991E+10 1.60739E+10 % total
];

MAT_fuel_GSRC = [
0.00000E+00 0.00000E+00 % lost data
2.25721E+19 1.39166E+20 % total
];

MAT_fuel_ING_TOX = [
0.00000E+00 0.00000E+00 % lost data
3.13567E+10 1.13080E+12 % total
];

MAT_fuel_INH_TOX = [
0.00000E+00 0.00000E+00 % lost data
2.22204E+12 3.80813E+12 % total
];

MAT_refuel_VOLUME = [ 1.00000E+06 1.00000E+06 ];

MAT_refuel_BURNUP = [ 0.00000E+00 0.00000E+00 ];

MAT_refuel_ADENS = [
0.00000E+00 0.00000E+00 % lost data
7.95988E-02 7.95988E-02 % total
];

MAT_refuel_MDENS = [
0.00000E+00 0.00000E+00 % lost data
3.35300E+00 3.35300E+00 % total
];

MAT_refuel_A = [
0.00000E+00 0.00000E+00 % lost data
5.35492E+10 9.18977E+10 % total
];

MAT_refuel_H = [
0.00000E+00 0.00000E+00 % lost data
2.81549E-02 3.26377E-02 % total
];

MAT_refuel_SF = [
0.00000E+00 0.00000E+00 % lost data
8.16260E+05 8.16260E+05 % total
];

MAT_refuel_GSRC = [
0.00000E+00 0.00000E+00 % lost data
2.98230E+10 2.98230E+10 % total
];

MAT_refuel_ING_TOX = [
0.00000E+00 0.00000E+00 % lost data
1.83774E+03 1.85333E+03 % total
];

MAT_refuel_INH_TOX = [
0.00000E+00 0.00000E+00 % lost data
3.21258E+05 3.21274E+05 % total
];

MAT_Umetal_VOLUME = [ 1.00000E+06 1.00000E+06 ];

MAT_Umetal_BURNUP = [ 0.00000E+00 0.00000E+00 ];

MAT_Umetal_ADENS = [
0.00000E+00 0.00000E+00 % lost data
4.83231E-02 4.83231E-02 % total
];

MAT_Umetal_MDENS = [
0.00000E+00 0.00000E+00 % lost data
1.91021E+01 1.91021E+01 % total
];

MAT_Umetal_A = [
0.00000E+00 0.00000E+00 % lost data
4.75103E+11 7.12645E+11 % total
];

MAT_Umetal_H = [
0.00000E+00 0.00000E+00 % lost data
1.69653E-01 2.25334E-01 % total
];

MAT_Umetal_SF = [
0.00000E+00 0.00000E+00 % lost data
1.29705E+07 1.29705E+07 % total
];

MAT_Umetal_GSRC = [
0.00000E+00 0.00000E+00 % lost data
1.72727E+10 1.72727E+10 % total
];

MAT_Umetal_ING_TOX = [
0.00000E+00 0.00000E+00 % lost data
1.14979E+04 1.16191E+04 % total
];

MAT_Umetal_INH_TOX = [
0.00000E+00 0.00000E+00 % lost data
1.90233E+06 1.90242E+06 % total
];

MAT_offgastank_VOLUME = [ 1.00000E+06 1.00000E+06 ];

MAT_offgastank_BURNUP = [ 0.00000E+00 0.00000E+00 ];

MAT_offgastank_ADENS = [
0.00000E+00 0.00000E+00 % lost data
2.06468E-03 2.07312E-03 % total
];

MAT_offgastank_MDENS = [
0.00000E+00 0.00000E+00 % lost data
3.75972E-01 3.77564E-01 % total
];

MAT_offgastank_A = [
0.00000E+00 0.00000E+00 % lost data
1.78717E+18 2.11521E+19 % total
];

MAT_offgastank_H = [
0.00000E+00 0.00000E+00 % lost data
1.48604E+05 7.26095E+06 % total
];

MAT_offgastank_SF = [
0.00000E+00 0.00000E+00 % lost data
0.00000E+00 0.00000E+00 % total
];

MAT_offgastank_GSRC = [
0.00000E+00 0.00000E+00 % lost data
1.35722E+18 2.00044E+19 % total
];

MAT_offgastank_ING_TOX = [
0.00000E+00 0.00000E+00 % lost data
4.58841E+11 1.62975E+12 % total
];

MAT_offgastank_INH_TOX = [
0.00000E+00 0.00000E+00 % lost data
7.66875E+11 1.44515E+12 % total
];

MAT_excessfueltank_VOLUME = [ 1.00000E+06 1.00000E+06 ];

MAT_excessfueltank_BURNUP = [ 0.00000E+00 0.00000E+00 ];

MAT_excessfueltank_ADENS = [
0.00000E+00 0.00000E+00 % lost data
4.46388E-01 2.77379E+00 % total
];

MAT_excessfueltank_MDENS = [
0.00000E+00 0.00000E+00 % lost data
1.88188E+01 1.16941E+02 % total
];

MAT_excessfueltank_A = [
0.00000E+00 0.00000E+00 % lost data
1.56122E+17 1.45480E+19 % total
];

MAT_excessfueltank_H = [
0.00000E+00 0.00000E+00 % lost data
1.15382E+04 1.74606E+06 % total
];

MAT_excessfueltank_SF = [
0.00000E+00 0.00000E+00 % lost data
9.89385E+08 1.69066E+10 % total
];

MAT_excessfueltank_GSRC = [
0.00000E+00 0.00000E+00 % lost data
6.32706E+16 1.39721E+19 % total
];

MAT_excessfueltank_ING_TOX = [
0.00000E+00 0.00000E+00 % lost data
1.16934E+09 1.11966E+11 % total
];

MAT_excessfueltank_INH_TOX = [
0.00000E+00 0.00000E+00 % lost data
2.24183E+11 2.49248E+12 % total
];

MAT_absorbertank_VOLUME = [ 1.00000E+06 1.00000E+06 ];

MAT_absorbertank_BURNUP = [ 0.00000E+00 0.00000E+00 ];

MAT_absorbertank_ADENS = [
0.00000E+00 0.00000E+00 % lost data
1.99571E-02 1.99571E-02 % total
];

MAT_absorbertank_MDENS = [
0.00000E+00 0.00000E+00 % lost data
1.77504E+00 1.77504E+00 % total
];

MAT_absorbertank_A = [
0.00000E+00 0.00000E+00 % lost data
2.02939E+03 2.02939E+03 % total
];

MAT_absorbertank_H = [
0.00000E+00 0.00000E+00 % lost data
7.16289E-10 7.16289E-10 % total
];

MAT_absorbertank_SF = [
0.00000E+00 0.00000E+00 % lost data
0.00000E+00 0.00000E+00 % total
];

MAT_absorbertank_GSRC = [
0.00000E+00 0.00000E+00 % lost data
0.00000E+00 0.00000E+00 % total
];

MAT_absorbertank_ING_TOX = [
0.00000E+00 0.00000E+00 % lost data
8.32051E-05 8.32051E-05 % total
];

MAT_absorbertank_INH_TOX = [
0.00000E+00 0.00000E+00 % lost data
3.85585E-02 3.85585E-02 % total
];

MAT_dummy_VOLUME = [ 1.00000E+00 1.00000E+00 ];

MAT_dummy_BURNUP = [ 0.00000E+00 0.00000E+00 ];

MAT_dummy_ADENS = [
0.00000E+00 0.00000E+00 % lost data
0.00000E+00 0.00000E+00 % total
];

MAT_dummy_MDENS = [
0.00000E+00 0.00000E+00 % lost data
0.00000E+00 0.00000E+00 % total
];

MAT_dummy_A = [
0.00000E+00 0.00000E+00 % lost data
0.00000E+00 0.00000E+00 % total
];

MAT_dummy_H = [
0.00000E+00 0.00000E+00 % lost data
0.00000E+00 0.00000E+00 % total
];

MAT_dummy_SF = [
0.00000E+00 0.00000E+00 % lost data
0.00000E+00 0.00000E+00 % total
];

MAT_dummy_GSRC = [
0.00000E+00 0.00000E+00 % lost data
0.00000E+00 0.00000E+00 % total
];

MAT_dummy_ING_TOX = [
0.00000E+00 0.00000E+00 % lost data
0.00000E+00 0.00000E+00 % total
];

MAT_dummy_INH_TOX = [
0.00000E+00 0.00000E+00 % lost data
0.00000E+00 0.00000E+00 % total
];

TOT_VOLUME = [ 2.13265E+07 2.13265E+07 ];

TOT_BURNUP = [ 0.00000E+00 0.00000E+00 ];

TOT_ADENS = [
0.00000E+00 1.64447E-14 % lost data
1.07104E-01 2.76965E-01 % total
];

TOT_MASS = [
0.00000E+00 0.00000E+00 % lost data
1.14607E+08 2.67286E+08 % total
];

TOT_A = [
0.00000E+00 0.00000E+00 % lost data
2.42794E+19 2.05758E+20 % total
];

TOT_H = [
0.00000E+00 0.00000E+00 % lost data
2.21932E+06 6.76082E+07 % total
];

TOT_SF = [
0.00000E+00 0.00000E+00 % lost data
1.70023E+10 3.29943E+10 % total
];

TOT_GSRC = [
0.00000E+00 0.00000E+00 % lost data
2.39926E+19 1.73143E+20 % total
];

TOT_ING_TOX = [
0.00000E+00 0.00000E+00 % lost data
4.91367E+11 2.87252E+12 % total
];

TOT_INH_TOX = [
0.00000E+00 0.00000E+00 % lost data
3.21310E+12 7.74577E+12 % total
];

BU = [ 0.00000E+00 3.49549E-02 ];

DAYS = [ 0.00000E+00 7.00000E+00 ];
