
ZAI = [
666
0
];

NAMES = [
'lost            '
'total           '
];

iLOST    = 1;
iTOT     = 2;

MAT_fuel_VOLUME = [ 1.63265E+07 1.63265E+07 ];

MAT_fuel_BURNUP = [ 0.00000E+00 0.00000E+00 ];

MAT_fuel_ADENS = [
0.00000E+00 1.33706E-14 % lost data
7.95906E-02 7.95907E-02 % total
];

MAT_fuel_MDENS = [
0.00000E+00 0.00000E+00 % lost data
3.35304E+00 3.35300E+00 % total
];

MAT_fuel_A = [
0.00000E+00 0.00000E+00 % lost data
3.23864E+11 6.04500E+19 % total
];

MAT_fuel_H = [
0.00000E+00 0.00000E+00 % lost data
2.23101E-01 1.82648E+07 % total
];

MAT_fuel_SF = [
0.00000E+00 0.00000E+00 % lost data
1.64079E+07 1.64108E+07 % total
];

MAT_fuel_GSRC = [
0.00000E+00 0.00000E+00 % lost data
5.02279E+10 5.37090E+19 % total
];

MAT_fuel_ING_TOX = [
0.00000E+00 0.00000E+00 % lost data
1.46206E+04 3.07063E+11 % total
];

MAT_fuel_INH_TOX = [
0.00000E+00 0.00000E+00 % lost data
2.60259E+06 4.41612E+11 % total
];

MAT_refuel_VOLUME = [ 1.00000E+06 1.00000E+06 ];

MAT_refuel_BURNUP = [ 0.00000E+00 0.00000E+00 ];

MAT_refuel_ADENS = [
0.00000E+00 0.00000E+00 % lost data
7.95906E-02 7.95899E-02 % total
];

MAT_refuel_MDENS = [
0.00000E+00 0.00000E+00 % lost data
3.34948E+00 3.34945E+00 % total
];

MAT_refuel_A = [
0.00000E+00 0.00000E+00 % lost data
3.85549E+10 6.72502E+10 % total
];

MAT_refuel_H = [
0.00000E+00 0.00000E+00 % lost data
2.76874E-02 2.93488E-02 % total
];

MAT_refuel_SF = [
0.00000E+00 0.00000E+00 % lost data
8.13833E+05 8.13826E+05 % total
];

MAT_refuel_GSRC = [
0.00000E+00 0.00000E+00 % lost data
2.98212E+10 2.98209E+10 % total
];

MAT_refuel_ING_TOX = [
0.00000E+00 0.00000E+00 % lost data
1.78227E+03 1.80077E+03 % total
];

MAT_refuel_INH_TOX = [
0.00000E+00 0.00000E+00 % lost data
3.20264E+05 3.20291E+05 % total
];

MAT_Umetal_VOLUME = [ 1.00000E+06 1.00000E+06 ];

MAT_Umetal_BURNUP = [ 0.00000E+00 0.00000E+00 ];

MAT_Umetal_ADENS = [
0.00000E+00 0.00000E+00 % lost data
4.83231E-02 4.83231E-02 % total
];

MAT_Umetal_MDENS = [
0.00000E+00 0.00000E+00 % lost data
1.91021E+01 1.91021E+01 % total
];

MAT_Umetal_A = [
0.00000E+00 0.00000E+00 % lost data
2.37555E+11 3.21913E+11 % total
];

MAT_Umetal_H = [
0.00000E+00 0.00000E+00 % lost data
1.62719E-01 1.73603E-01 % total
];

MAT_Umetal_SF = [
0.00000E+00 0.00000E+00 % lost data
1.29705E+07 1.29705E+07 % total
];

MAT_Umetal_GSRC = [
0.00000E+00 0.00000E+00 % lost data
1.72721E+10 1.72721E+10 % total
];

MAT_Umetal_ING_TOX = [
0.00000E+00 0.00000E+00 % lost data
1.06900E+04 1.08582E+04 % total
];

MAT_Umetal_INH_TOX = [
0.00000E+00 0.00000E+00 % lost data
1.90044E+06 1.90079E+06 % total
];

MAT_offgastank_VOLUME = [ 1.00000E+06 1.00000E+06 ];

MAT_offgastank_BURNUP = [ 0.00000E+00 0.00000E+00 ];

MAT_offgastank_ADENS = [
0.00000E+00 0.00000E+00 % lost data
0.00000E+00 4.48492E-06 % total
];

MAT_offgastank_MDENS = [
0.00000E+00 0.00000E+00 % lost data
0.00000E+00 7.03345E-04 % total
];

MAT_offgastank_A = [
0.00000E+00 0.00000E+00 % lost data
0.00000E+00 6.11147E+18 % total
];

MAT_offgastank_H = [
0.00000E+00 0.00000E+00 % lost data
0.00000E+00 2.11915E+06 % total
];

MAT_offgastank_SF = [
0.00000E+00 0.00000E+00 % lost data
0.00000E+00 0.00000E+00 % total
];

MAT_offgastank_GSRC = [
0.00000E+00 0.00000E+00 % lost data
0.00000E+00 5.85380E+18 % total
];

MAT_offgastank_ING_TOX = [
0.00000E+00 0.00000E+00 % lost data
0.00000E+00 5.07801E+11 % total
];

MAT_offgastank_INH_TOX = [
0.00000E+00 0.00000E+00 % lost data
0.00000E+00 3.21143E+11 % total
];

MAT_excessfueltank_VOLUME = [ 1.00000E+06 1.00000E+06 ];

MAT_excessfueltank_BURNUP = [ 0.00000E+00 0.00000E+00 ];

MAT_excessfueltank_ADENS = [
0.00000E+00 0.00000E+00 % lost data
0.00000E+00 4.34597E-08 % total
];

MAT_excessfueltank_MDENS = [
0.00000E+00 0.00000E+00 % lost data
0.00000E+00 1.83090E-06 % total
];

MAT_excessfueltank_A = [
0.00000E+00 0.00000E+00 % lost data
0.00000E+00 1.32376E+04 % total
];

MAT_excessfueltank_H = [
0.00000E+00 0.00000E+00 % lost data
0.00000E+00 7.71342E-09 % total
];

MAT_excessfueltank_SF = [
0.00000E+00 0.00000E+00 % lost data
0.00000E+00 5.48762E-01 % total
];

MAT_excessfueltank_GSRC = [
0.00000E+00 0.00000E+00 % lost data
0.00000E+00 1.67987E+03 % total
];

MAT_excessfueltank_ING_TOX = [
0.00000E+00 0.00000E+00 % lost data
0.00000E+00 4.92847E-04 % total
];

MAT_excessfueltank_INH_TOX = [
0.00000E+00 0.00000E+00 % lost data
0.00000E+00 8.70516E-02 % total
];

MAT_absorbertank_VOLUME = [ 1.00000E+06 1.00000E+06 ];

MAT_absorbertank_BURNUP = [ 0.00000E+00 0.00000E+00 ];

MAT_absorbertank_ADENS = [
0.00000E+00 0.00000E+00 % lost data
5.98714E-02 5.98714E-02 % total
];

MAT_absorbertank_MDENS = [
0.00000E+00 0.00000E+00 % lost data
5.32512E+00 5.32512E+00 % total
];

MAT_absorbertank_A = [
0.00000E+00 0.00000E+00 % lost data
6.08818E+03 6.08818E+03 % total
];

MAT_absorbertank_H = [
0.00000E+00 0.00000E+00 % lost data
2.14887E-09 2.14887E-09 % total
];

MAT_absorbertank_SF = [
0.00000E+00 0.00000E+00 % lost data
0.00000E+00 0.00000E+00 % total
];

MAT_absorbertank_GSRC = [
0.00000E+00 0.00000E+00 % lost data
0.00000E+00 0.00000E+00 % total
];

MAT_absorbertank_ING_TOX = [
0.00000E+00 0.00000E+00 % lost data
2.49615E-04 2.49615E-04 % total
];

MAT_absorbertank_INH_TOX = [
0.00000E+00 0.00000E+00 % lost data
1.15675E-01 1.15675E-01 % total
];

MAT_dummy_VOLUME = [ 1.00000E+00 1.00000E+00 ];

MAT_dummy_BURNUP = [ 0.00000E+00 0.00000E+00 ];

MAT_dummy_ADENS = [
0.00000E+00 0.00000E+00 % lost data
0.00000E+00 0.00000E+00 % total
];

MAT_dummy_MDENS = [
0.00000E+00 0.00000E+00 % lost data
0.00000E+00 0.00000E+00 % total
];

MAT_dummy_A = [
0.00000E+00 0.00000E+00 % lost data
0.00000E+00 0.00000E+00 % total
];

MAT_dummy_H = [
0.00000E+00 0.00000E+00 % lost data
0.00000E+00 0.00000E+00 % total
];

MAT_dummy_SF = [
0.00000E+00 0.00000E+00 % lost data
0.00000E+00 0.00000E+00 % total
];

MAT_dummy_GSRC = [
0.00000E+00 0.00000E+00 % lost data
0.00000E+00 0.00000E+00 % total
];

MAT_dummy_ING_TOX = [
0.00000E+00 0.00000E+00 % lost data
0.00000E+00 0.00000E+00 % total
];

MAT_dummy_INH_TOX = [
0.00000E+00 0.00000E+00 % lost data
0.00000E+00 0.00000E+00 % total
];

TOT_VOLUME = [ 2.13265E+07 2.13265E+07 ];

TOT_BURNUP = [ 0.00000E+00 0.00000E+00 ];

TOT_ADENS = [
0.00000E+00 1.02359E-14 % lost data
6.97358E-02 6.97361E-02 % total
];

TOT_MASS = [
0.00000E+00 0.00000E+00 % lost data
8.25200E+07 8.25200E+07 % total
];

TOT_A = [
0.00000E+00 0.00000E+00 % lost data
5.99974E+11 6.65615E+19 % total
];

TOT_H = [
0.00000E+00 0.00000E+00 % lost data
4.13507E-01 2.03840E+07 % total
];

TOT_SF = [
0.00000E+00 0.00000E+00 % lost data
3.01922E+07 3.01951E+07 % total
];

TOT_GSRC = [
0.00000E+00 0.00000E+00 % lost data
9.73211E+10 5.95628E+19 % total
];

TOT_ING_TOX = [
0.00000E+00 0.00000E+00 % lost data
2.70928E+04 8.14864E+11 % total
];

TOT_INH_TOX = [
0.00000E+00 0.00000E+00 % lost data
4.82329E+06 7.62757E+11 % total
];

BU = [ 0.00000E+00 4.66118E-02 ];

DAYS = [ 0.00000E+00 7.00000E+00 ];
