
ZAI = [
666
0
];

NAMES = [
'lost            '
'total           '
];

iLOST    = 1;
iTOT     = 2;

MAT_fuel_VOLUME = [ 1.63265E+07 1.63265E+07 ];

MAT_fuel_BURNUP = [ 0.00000E+00 0.00000E+00 ];

MAT_fuel_ADENS = [
0.00000E+00 1.16587E-14 % lost data
7.95906E-02 7.95907E-02 % total
];

MAT_fuel_MDENS = [
0.00000E+00 0.00000E+00 % lost data
3.34948E+00 3.34944E+00 % total
];

MAT_fuel_A = [
0.00000E+00 0.00000E+00 % lost data
6.29465E+11 4.98272E+19 % total
];

MAT_fuel_H = [
0.00000E+00 0.00000E+00 % lost data
4.52038E-01 1.66525E+07 % total
];

MAT_fuel_SF = [
0.00000E+00 0.00000E+00 % lost data
1.32870E+07 1.32864E+07 % total
];

MAT_fuel_GSRC = [
0.00000E+00 0.00000E+00 % lost data
4.86875E+11 4.23797E+19 % total
];

MAT_fuel_ING_TOX = [
0.00000E+00 0.00000E+00 % lost data
2.90982E+04 3.00678E+11 % total
];

MAT_fuel_INH_TOX = [
0.00000E+00 0.00000E+00 % lost data
5.22878E+06 4.33916E+11 % total
];

MAT_refuel_VOLUME = [ 1.00000E+06 1.00000E+06 ];

MAT_refuel_BURNUP = [ 0.00000E+00 0.00000E+00 ];

MAT_refuel_ADENS = [
0.00000E+00 0.00000E+00 % lost data
7.95906E-02 7.95906E-02 % total
];

MAT_refuel_MDENS = [
0.00000E+00 0.00000E+00 % lost data
3.34948E+00 3.34948E+00 % total
];

MAT_refuel_A = [
0.00000E+00 0.00000E+00 % lost data
3.85549E+10 6.72508E+10 % total
];

MAT_refuel_H = [
0.00000E+00 0.00000E+00 % lost data
2.76874E-02 2.93491E-02 % total
];

MAT_refuel_SF = [
0.00000E+00 0.00000E+00 % lost data
8.13833E+05 8.13833E+05 % total
];

MAT_refuel_GSRC = [
0.00000E+00 0.00000E+00 % lost data
2.98212E+10 2.98212E+10 % total
];

MAT_refuel_ING_TOX = [
0.00000E+00 0.00000E+00 % lost data
1.78227E+03 1.80078E+03 % total
];

MAT_refuel_INH_TOX = [
0.00000E+00 0.00000E+00 % lost data
3.20264E+05 3.20294E+05 % total
];

MAT_Umetal_VOLUME = [ 1.00000E+06 1.00000E+06 ];

MAT_Umetal_BURNUP = [ 0.00000E+00 0.00000E+00 ];

MAT_Umetal_ADENS = [
0.00000E+00 0.00000E+00 % lost data
4.83231E-02 4.83231E-02 % total
];

MAT_Umetal_MDENS = [
0.00000E+00 0.00000E+00 % lost data
1.91021E+01 1.91021E+01 % total
];

MAT_Umetal_A = [
0.00000E+00 0.00000E+00 % lost data
2.37555E+11 3.21913E+11 % total
];

MAT_Umetal_H = [
0.00000E+00 0.00000E+00 % lost data
1.62719E-01 1.73603E-01 % total
];

MAT_Umetal_SF = [
0.00000E+00 0.00000E+00 % lost data
1.29705E+07 1.29705E+07 % total
];

MAT_Umetal_GSRC = [
0.00000E+00 0.00000E+00 % lost data
1.72721E+10 1.72721E+10 % total
];

MAT_Umetal_ING_TOX = [
0.00000E+00 0.00000E+00 % lost data
1.06900E+04 1.08582E+04 % total
];

MAT_Umetal_INH_TOX = [
0.00000E+00 0.00000E+00 % lost data
1.90044E+06 1.90079E+06 % total
];

MAT_offgastank_VOLUME = [ 1.00000E+06 1.00000E+06 ];

MAT_offgastank_BURNUP = [ 0.00000E+00 0.00000E+00 ];

MAT_offgastank_ADENS = [
0.00000E+00 0.00000E+00 % lost data
0.00000E+00 3.70658E-06 % total
];

MAT_offgastank_MDENS = [
0.00000E+00 0.00000E+00 % lost data
0.00000E+00 6.94112E-04 % total
];

MAT_offgastank_A = [
0.00000E+00 0.00000E+00 % lost data
0.00000E+00 6.08725E+18 % total
];

MAT_offgastank_H = [
0.00000E+00 0.00000E+00 % lost data
0.00000E+00 2.11187E+06 % total
];

MAT_offgastank_SF = [
0.00000E+00 0.00000E+00 % lost data
0.00000E+00 0.00000E+00 % total
];

MAT_offgastank_GSRC = [
0.00000E+00 0.00000E+00 % lost data
0.00000E+00 5.82908E+18 % total
];

MAT_offgastank_ING_TOX = [
0.00000E+00 0.00000E+00 % lost data
0.00000E+00 5.06989E+11 % total
];

MAT_offgastank_INH_TOX = [
0.00000E+00 0.00000E+00 % lost data
0.00000E+00 3.20598E+11 % total
];

MAT_excessfueltank_VOLUME = [ 1.00000E+06 1.00000E+06 ];

MAT_excessfueltank_BURNUP = [ 0.00000E+00 0.00000E+00 ];

MAT_excessfueltank_ADENS = [
0.00000E+00 0.00000E+00 % lost data
0.00000E+00 1.70293E-13 % total
];

MAT_excessfueltank_MDENS = [
0.00000E+00 0.00000E+00 % lost data
0.00000E+00 7.16660E-12 % total
];

MAT_excessfueltank_A = [
0.00000E+00 0.00000E+00 % lost data
0.00000E+00 1.27813E-01 % total
];

MAT_excessfueltank_H = [
0.00000E+00 0.00000E+00 % lost data
0.00000E+00 6.16155E-14 % total
];

MAT_excessfueltank_SF = [
0.00000E+00 0.00000E+00 % lost data
0.00000E+00 1.74129E-06 % total
];

MAT_excessfueltank_GSRC = [
0.00000E+00 0.00000E+00 % lost data
0.00000E+00 6.38058E-02 % total
];

MAT_excessfueltank_ING_TOX = [
0.00000E+00 0.00000E+00 % lost data
0.00000E+00 3.83843E-09 % total
];

MAT_excessfueltank_INH_TOX = [
0.00000E+00 0.00000E+00 % lost data
0.00000E+00 6.85279E-07 % total
];

MAT_absorbertank_VOLUME = [ 1.00000E+06 1.00000E+06 ];

MAT_absorbertank_BURNUP = [ 0.00000E+00 0.00000E+00 ];

MAT_absorbertank_ADENS = [
0.00000E+00 0.00000E+00 % lost data
5.98714E-02 5.98714E-02 % total
];

MAT_absorbertank_MDENS = [
0.00000E+00 0.00000E+00 % lost data
5.32512E+00 5.32512E+00 % total
];

MAT_absorbertank_A = [
0.00000E+00 0.00000E+00 % lost data
6.08818E+03 6.08818E+03 % total
];

MAT_absorbertank_H = [
0.00000E+00 0.00000E+00 % lost data
2.14887E-09 2.14887E-09 % total
];

MAT_absorbertank_SF = [
0.00000E+00 0.00000E+00 % lost data
0.00000E+00 0.00000E+00 % total
];

MAT_absorbertank_GSRC = [
0.00000E+00 0.00000E+00 % lost data
0.00000E+00 0.00000E+00 % total
];

MAT_absorbertank_ING_TOX = [
0.00000E+00 0.00000E+00 % lost data
2.49615E-04 2.49615E-04 % total
];

MAT_absorbertank_INH_TOX = [
0.00000E+00 0.00000E+00 % lost data
1.15675E-01 1.15675E-01 % total
];

MAT_dummy_VOLUME = [ 1.00000E+00 1.00000E+00 ];

MAT_dummy_BURNUP = [ 0.00000E+00 0.00000E+00 ];

MAT_dummy_ADENS = [
0.00000E+00 0.00000E+00 % lost data
0.00000E+00 0.00000E+00 % total
];

MAT_dummy_MDENS = [
0.00000E+00 0.00000E+00 % lost data
0.00000E+00 0.00000E+00 % total
];

MAT_dummy_A = [
0.00000E+00 0.00000E+00 % lost data
0.00000E+00 0.00000E+00 % total
];

MAT_dummy_H = [
0.00000E+00 0.00000E+00 % lost data
0.00000E+00 0.00000E+00 % total
];

MAT_dummy_SF = [
0.00000E+00 0.00000E+00 % lost data
0.00000E+00 0.00000E+00 % total
];

MAT_dummy_GSRC = [
0.00000E+00 0.00000E+00 % lost data
0.00000E+00 0.00000E+00 % total
];

MAT_dummy_ING_TOX = [
0.00000E+00 0.00000E+00 % lost data
0.00000E+00 0.00000E+00 % total
];

MAT_dummy_INH_TOX = [
0.00000E+00 0.00000E+00 % lost data
0.00000E+00 0.00000E+00 % total
];

TOT_VOLUME = [ 2.13265E+07 2.13265E+07 ];

TOT_BURNUP = [ 0.00000E+00 0.00000E+00 ];

TOT_ADENS = [
0.00000E+00 8.92534E-15 % lost data
6.97358E-02 6.97361E-02 % total
];

TOT_MASS = [
0.00000E+00 0.00000E+00 % lost data
8.24620E+07 8.24619E+07 % total
];

TOT_A = [
0.00000E+00 0.00000E+00 % lost data
9.05575E+11 5.59145E+19 % total
];

TOT_H = [
0.00000E+00 0.00000E+00 % lost data
6.42444E-01 1.87643E+07 % total
];

TOT_SF = [
0.00000E+00 0.00000E+00 % lost data
2.70714E+07 2.70707E+07 % total
];

TOT_GSRC = [
0.00000E+00 0.00000E+00 % lost data
5.33968E+11 4.82088E+19 % total
];

TOT_ING_TOX = [
0.00000E+00 0.00000E+00 % lost data
4.15704E+04 8.07668E+11 % total
];

TOT_INH_TOX = [
0.00000E+00 0.00000E+00 % lost data
7.44948E+06 7.54516E+11 % total
];

BU = [ 0.00000E+00 4.66719E-02 ];

DAYS = [ 0.00000E+00 7.00000E+00 ];
