
ZAI = [
666
0
];

NAMES = [
'lost            '
'total           '
];

iLOST    = 1;
iTOT     = 2;

MAT_fuel_VOLUME = [ 1.63265E+07 1.63265E+07 ];

MAT_fuel_BURNUP = [ 0.00000E+00 0.00000E+00 ];

MAT_fuel_ADENS = [
0.00000E+00 1.39893E-14 % lost data
1.03380E-01 1.22244E-01 % total
];

MAT_fuel_MDENS = [
0.00000E+00 0.00000E+00 % lost data
4.35991E+00 5.15452E+00 % total
];

MAT_fuel_A = [
0.00000E+00 0.00000E+00 % lost data
2.23361E+19 8.68981E+19 % total
];

MAT_fuel_H = [
0.00000E+00 0.00000E+00 % lost data
2.05918E+06 2.69916E+07 % total
];

MAT_fuel_SF = [
0.00000E+00 0.00000E+00 % lost data
1.59991E+10 1.60638E+10 % total
];

MAT_fuel_GSRC = [
0.00000E+00 0.00000E+00 % lost data
2.25721E+19 7.26196E+19 % total
];

MAT_fuel_ING_TOX = [
0.00000E+00 0.00000E+00 % lost data
3.13567E+10 5.50496E+11 % total
];

MAT_fuel_INH_TOX = [
0.00000E+00 0.00000E+00 % lost data
2.22204E+12 2.96615E+12 % total
];

MAT_refuel_VOLUME = [ 1.00000E+06 1.00000E+06 ];

MAT_refuel_BURNUP = [ 0.00000E+00 0.00000E+00 ];

MAT_refuel_ADENS = [
0.00000E+00 0.00000E+00 % lost data
7.95988E-02 7.95988E-02 % total
];

MAT_refuel_MDENS = [
0.00000E+00 0.00000E+00 % lost data
3.35300E+00 3.35300E+00 % total
];

MAT_refuel_A = [
0.00000E+00 0.00000E+00 % lost data
5.35492E+10 9.18977E+10 % total
];

MAT_refuel_H = [
0.00000E+00 0.00000E+00 % lost data
2.81549E-02 3.26377E-02 % total
];

MAT_refuel_SF = [
0.00000E+00 0.00000E+00 % lost data
8.16260E+05 8.16260E+05 % total
];

MAT_refuel_GSRC = [
0.00000E+00 0.00000E+00 % lost data
2.98230E+10 2.98230E+10 % total
];

MAT_refuel_ING_TOX = [
0.00000E+00 0.00000E+00 % lost data
1.83774E+03 1.85333E+03 % total
];

MAT_refuel_INH_TOX = [
0.00000E+00 0.00000E+00 % lost data
3.21258E+05 3.21274E+05 % total
];

MAT_Umetal_VOLUME = [ 1.00000E+06 1.00000E+06 ];

MAT_Umetal_BURNUP = [ 0.00000E+00 0.00000E+00 ];

MAT_Umetal_ADENS = [
0.00000E+00 0.00000E+00 % lost data
4.83231E-02 4.83231E-02 % total
];

MAT_Umetal_MDENS = [
0.00000E+00 0.00000E+00 % lost data
1.91021E+01 1.91021E+01 % total
];

MAT_Umetal_A = [
0.00000E+00 0.00000E+00 % lost data
4.75103E+11 7.12645E+11 % total
];

MAT_Umetal_H = [
0.00000E+00 0.00000E+00 % lost data
1.69653E-01 2.25334E-01 % total
];

MAT_Umetal_SF = [
0.00000E+00 0.00000E+00 % lost data
1.29705E+07 1.29705E+07 % total
];

MAT_Umetal_GSRC = [
0.00000E+00 0.00000E+00 % lost data
1.72727E+10 1.72727E+10 % total
];

MAT_Umetal_ING_TOX = [
0.00000E+00 0.00000E+00 % lost data
1.14979E+04 1.16191E+04 % total
];

MAT_Umetal_INH_TOX = [
0.00000E+00 0.00000E+00 % lost data
1.90233E+06 1.90242E+06 % total
];

MAT_offgastank_VOLUME = [ 1.00000E+06 1.00000E+06 ];

MAT_offgastank_BURNUP = [ 0.00000E+00 0.00000E+00 ];

MAT_offgastank_ADENS = [
0.00000E+00 0.00000E+00 % lost data
2.06468E-03 2.06966E-03 % total
];

MAT_offgastank_MDENS = [
0.00000E+00 0.00000E+00 % lost data
3.75972E-01 3.76892E-01 % total
];

MAT_offgastank_A = [
0.00000E+00 0.00000E+00 % lost data
1.78717E+18 9.57360E+18 % total
];

MAT_offgastank_H = [
0.00000E+00 0.00000E+00 % lost data
1.48604E+05 3.06835E+06 % total
];

MAT_offgastank_SF = [
0.00000E+00 0.00000E+00 % lost data
0.00000E+00 0.00000E+00 % total
];

MAT_offgastank_GSRC = [
0.00000E+00 0.00000E+00 % lost data
1.35722E+18 8.88064E+18 % total
];

MAT_offgastank_ING_TOX = [
0.00000E+00 0.00000E+00 % lost data
4.58841E+11 8.47898E+11 % total
];

MAT_offgastank_INH_TOX = [
0.00000E+00 0.00000E+00 % lost data
7.66875E+11 9.85679E+11 % total
];

MAT_excessfueltank_VOLUME = [ 1.00000E+06 1.00000E+06 ];

MAT_excessfueltank_BURNUP = [ 0.00000E+00 0.00000E+00 ];

MAT_excessfueltank_ADENS = [
0.00000E+00 0.00000E+00 % lost data
4.46388E-01 8.82873E-01 % total
];

MAT_excessfueltank_MDENS = [
0.00000E+00 0.00000E+00 % lost data
1.88188E+01 3.72251E+01 % total
];

MAT_excessfueltank_A = [
0.00000E+00 0.00000E+00 % lost data
1.56122E+17 3.01337E+18 % total
];

MAT_excessfueltank_H = [
0.00000E+00 0.00000E+00 % lost data
1.15382E+04 3.43793E+05 % total
];

MAT_excessfueltank_SF = [
0.00000E+00 0.00000E+00 % lost data
9.89385E+08 4.77015E+09 % total
];

MAT_excessfueltank_GSRC = [
0.00000E+00 0.00000E+00 % lost data
6.32706E+16 2.74253E+18 % total
];

MAT_excessfueltank_ING_TOX = [
0.00000E+00 0.00000E+00 % lost data
1.16934E+09 1.83664E+10 % total
];

MAT_excessfueltank_INH_TOX = [
0.00000E+00 0.00000E+00 % lost data
2.24183E+11 7.56569E+11 % total
];

MAT_absorbertank_VOLUME = [ 1.00000E+06 1.00000E+06 ];

MAT_absorbertank_BURNUP = [ 0.00000E+00 0.00000E+00 ];

MAT_absorbertank_ADENS = [
0.00000E+00 0.00000E+00 % lost data
1.99571E-02 1.99571E-02 % total
];

MAT_absorbertank_MDENS = [
0.00000E+00 0.00000E+00 % lost data
1.77504E+00 1.77504E+00 % total
];

MAT_absorbertank_A = [
0.00000E+00 0.00000E+00 % lost data
2.02939E+03 2.02939E+03 % total
];

MAT_absorbertank_H = [
0.00000E+00 0.00000E+00 % lost data
7.16289E-10 7.16289E-10 % total
];

MAT_absorbertank_SF = [
0.00000E+00 0.00000E+00 % lost data
0.00000E+00 0.00000E+00 % total
];

MAT_absorbertank_GSRC = [
0.00000E+00 0.00000E+00 % lost data
0.00000E+00 0.00000E+00 % total
];

MAT_absorbertank_ING_TOX = [
0.00000E+00 0.00000E+00 % lost data
8.32051E-05 8.32051E-05 % total
];

MAT_absorbertank_INH_TOX = [
0.00000E+00 0.00000E+00 % lost data
3.85585E-02 3.85585E-02 % total
];

MAT_dummy_VOLUME = [ 1.00000E+00 1.00000E+00 ];

MAT_dummy_BURNUP = [ 0.00000E+00 0.00000E+00 ];

MAT_dummy_ADENS = [
0.00000E+00 0.00000E+00 % lost data
0.00000E+00 0.00000E+00 % total
];

MAT_dummy_MDENS = [
0.00000E+00 0.00000E+00 % lost data
0.00000E+00 0.00000E+00 % total
];

MAT_dummy_A = [
0.00000E+00 0.00000E+00 % lost data
0.00000E+00 0.00000E+00 % total
];

MAT_dummy_H = [
0.00000E+00 0.00000E+00 % lost data
0.00000E+00 0.00000E+00 % total
];

MAT_dummy_SF = [
0.00000E+00 0.00000E+00 % lost data
0.00000E+00 0.00000E+00 % total
];

MAT_dummy_GSRC = [
0.00000E+00 0.00000E+00 % lost data
0.00000E+00 0.00000E+00 % total
];

MAT_dummy_ING_TOX = [
0.00000E+00 0.00000E+00 % lost data
0.00000E+00 0.00000E+00 % total
];

MAT_dummy_INH_TOX = [
0.00000E+00 0.00000E+00 % lost data
0.00000E+00 0.00000E+00 % total
];

TOT_VOLUME = [ 2.13265E+07 2.13265E+07 ];

TOT_BURNUP = [ 0.00000E+00 0.00000E+00 ];

TOT_ADENS = [
0.00000E+00 1.07095E-14 % lost data
1.07104E-01 1.42013E-01 % total
];

TOT_MASS = [
0.00000E+00 0.00000E+00 % lost data
1.14607E+08 1.45987E+08 % total
];

TOT_A = [
0.00000E+00 0.00000E+00 % lost data
2.42794E+19 9.94850E+19 % total
];

TOT_H = [
0.00000E+00 0.00000E+00 % lost data
2.21932E+06 3.04038E+07 % total
];

TOT_SF = [
0.00000E+00 0.00000E+00 % lost data
1.70023E+10 2.08477E+10 % total
];

TOT_GSRC = [
0.00000E+00 0.00000E+00 % lost data
2.39926E+19 8.42428E+19 % total
];

TOT_ING_TOX = [
0.00000E+00 0.00000E+00 % lost data
4.91367E+11 1.41676E+12 % total
];

TOT_INH_TOX = [
0.00000E+00 0.00000E+00 % lost data
3.21310E+12 4.70840E+12 % total
];

BU = [ 0.00000E+00 3.49549E-02 ];

DAYS = [ 0.00000E+00 7.00000E+00 ];
