
DET1 = [
    1    1    1    1    1    1    1    1    1    1  1.35775E-05 0.16421 
];


DET1E = [
 5.00000E-02  1.50000E+01  7.52500E+00
];

DET1X = [
 1.96370E+01  2.06370E+01  2.01370E+01
];

DET1Y = [
-1.00000E+00  1.00000E+00  0.00000E+00
];

DET1Z = [
-1.00000E+00  1.00000E+00  0.00000E+00
];
