
ZAI = [
666
0
];

NAMES = [
'lost            '
'total           '
];

iLOST    = 1;
iTOT     = 2;

MAT_fuel_VOLUME = [ 2.00362E+07 2.00362E+07 ];

MAT_fuel_BURNUP = [ 0.00000E+00 0.00000E+00 ];

MAT_fuel_ADENS = [
0.00000E+00 2.91835E-15 % lost data
6.06706E-02 6.06708E-02 % total
];

MAT_fuel_MDENS = [
0.00000E+00 0.00000E+00 % lost data
2.57252E+00 2.57248E+00 % total
];

MAT_fuel_A = [
0.00000E+00 0.00000E+00 % lost data
1.17033E+15 4.82602E+19 % total
];

MAT_fuel_H = [
0.00000E+00 0.00000E+00 % lost data
9.83127E+02 1.49550E+07 % total
];

MAT_fuel_SF = [
0.00000E+00 0.00000E+00 % lost data
1.27440E+07 1.30517E+07 % total
];

MAT_fuel_GSRC = [
0.00000E+00 0.00000E+00 % lost data
6.33259E+13 3.80937E+19 % total
];

MAT_fuel_ING_TOX = [
0.00000E+00 0.00000E+00 % lost data
2.92583E+08 3.91600E+11 % total
];

MAT_fuel_INH_TOX = [
0.00000E+00 0.00000E+00 % lost data
1.40440E+11 6.81276E+11 % total
];

MAT_Umetal_VOLUME = [ 1.00000E+06 1.00000E+06 ];

MAT_Umetal_BURNUP = [ 0.00000E+00 0.00000E+00 ];

MAT_Umetal_ADENS = [
0.00000E+00 0.00000E+00 % lost data
4.83231E-02 4.83231E-02 % total
];

MAT_Umetal_MDENS = [
0.00000E+00 0.00000E+00 % lost data
1.91003E+01 1.91003E+01 % total
];

MAT_Umetal_A = [
0.00000E+00 0.00000E+00 % lost data
2.46700E+11 3.41193E+11 % total
];

MAT_Umetal_H = [
0.00000E+00 0.00000E+00 % lost data
1.69570E-01 1.80824E-01 % total
];

MAT_Umetal_SF = [
0.00000E+00 0.00000E+00 % lost data
1.28771E+07 1.28771E+07 % total
];

MAT_Umetal_GSRC = [
0.00000E+00 0.00000E+00 % lost data
3.03383E+10 3.03383E+10 % total
];

MAT_Umetal_ING_TOX = [
0.00000E+00 0.00000E+00 % lost data
1.11232E+04 1.12938E+04 % total
];

MAT_Umetal_INH_TOX = [
0.00000E+00 0.00000E+00 % lost data
1.97902E+06 1.97938E+06 % total
];

MAT_Thmetal_VOLUME = [ 1.00000E+06 1.00000E+06 ];

MAT_Thmetal_BURNUP = [ 0.00000E+00 0.00000E+00 ];

MAT_Thmetal_ADENS = [
0.00000E+00 0.00000E+00 % lost data
8.38721E-02 8.38721E-02 % total
];

MAT_Thmetal_MDENS = [
0.00000E+00 0.00000E+00 % lost data
3.23172E+01 3.23172E+01 % total
];

MAT_Thmetal_A = [
0.00000E+00 0.00000E+00 % lost data
1.31118E+11 1.31710E+11 % total
];

MAT_Thmetal_H = [
0.00000E+00 0.00000E+00 % lost data
8.56659E-02 8.57339E-02 % total
];

MAT_Thmetal_SF = [
0.00000E+00 0.00000E+00 % lost data
1.31118E+00 1.31118E+00 % total
];

MAT_Thmetal_GSRC = [
0.00000E+00 0.00000E+00 % lost data
9.60924E+09 9.65058E+09 % total
];

MAT_Thmetal_ING_TOX = [
0.00000E+00 0.00000E+00 % lost data
3.01572E+04 3.03662E+04 % total
];

MAT_Thmetal_INH_TOX = [
0.00000E+00 0.00000E+00 % lost data
1.44230E+07 1.44279E+07 % total
];

MAT_offgas_VOLUME = [ 1.00000E+06 1.00000E+06 ];

MAT_offgas_BURNUP = [ 0.00000E+00 0.00000E+00 ];

MAT_offgas_ADENS = [
0.00000E+00 0.00000E+00 % lost data
0.00000E+00 3.30213E-06 % total
];

MAT_offgas_MDENS = [
0.00000E+00 0.00000E+00 % lost data
0.00000E+00 6.33894E-04 % total
];

MAT_offgas_A = [
0.00000E+00 0.00000E+00 % lost data
0.00000E+00 4.83788E+18 % total
];

MAT_offgas_H = [
0.00000E+00 0.00000E+00 % lost data
0.00000E+00 1.51574E+06 % total
];

MAT_offgas_SF = [
0.00000E+00 0.00000E+00 % lost data
0.00000E+00 0.00000E+00 % total
];

MAT_offgas_GSRC = [
0.00000E+00 0.00000E+00 % lost data
0.00000E+00 4.45875E+18 % total
];

MAT_offgas_ING_TOX = [
0.00000E+00 0.00000E+00 % lost data
0.00000E+00 4.20176E+11 % total
];

MAT_offgas_INH_TOX = [
0.00000E+00 0.00000E+00 % lost data
0.00000E+00 2.76607E+11 % total
];

MAT_dummy_VOLUME = [ 1.00000E+00 1.00000E+00 ];

MAT_dummy_BURNUP = [ 0.00000E+00 0.00000E+00 ];

MAT_dummy_ADENS = [
0.00000E+00 0.00000E+00 % lost data
0.00000E+00 0.00000E+00 % total
];

MAT_dummy_MDENS = [
0.00000E+00 0.00000E+00 % lost data
0.00000E+00 0.00000E+00 % total
];

MAT_dummy_A = [
0.00000E+00 0.00000E+00 % lost data
0.00000E+00 0.00000E+00 % total
];

MAT_dummy_H = [
0.00000E+00 0.00000E+00 % lost data
0.00000E+00 0.00000E+00 % total
];

MAT_dummy_SF = [
0.00000E+00 0.00000E+00 % lost data
0.00000E+00 0.00000E+00 % total
];

MAT_dummy_GSRC = [
0.00000E+00 0.00000E+00 % lost data
0.00000E+00 0.00000E+00 % total
];

MAT_dummy_ING_TOX = [
0.00000E+00 0.00000E+00 % lost data
0.00000E+00 0.00000E+00 % total
];

MAT_dummy_INH_TOX = [
0.00000E+00 0.00000E+00 % lost data
0.00000E+00 0.00000E+00 % total
];

TOT_VOLUME = [ 2.30362E+07 2.30362E+07 ];

TOT_BURNUP = [ 0.00000E+00 0.00000E+00 ];

TOT_ADENS = [
0.00000E+00 2.53829E-15 % lost data
5.85081E-02 5.85084E-02 % total
];

TOT_MASS = [
0.00000E+00 0.00000E+00 % lost data
1.02961E+08 1.02961E+08 % total
];

TOT_A = [
0.00000E+00 0.00000E+00 % lost data
1.17071E+15 5.30981E+19 % total
];

TOT_H = [
0.00000E+00 0.00000E+00 % lost data
9.83382E+02 1.64708E+07 % total
];

TOT_SF = [
0.00000E+00 0.00000E+00 % lost data
2.56211E+07 2.59288E+07 % total
];

TOT_GSRC = [
0.00000E+00 0.00000E+00 % lost data
6.33658E+13 4.25525E+19 % total
];

TOT_ING_TOX = [
0.00000E+00 0.00000E+00 % lost data
2.92624E+08 8.11776E+11 % total
];

TOT_INH_TOX = [
0.00000E+00 0.00000E+00 % lost data
1.40456E+11 9.57899E+11 % total
];

BU = [ 0.00000E+00 3.70953E-02 ];

DAYS = [ 0.00000E+00 7.00000E+00 ];
