
ZAI = [
666
0
];

NAMES = [
'lost            '
'total           '
];

iLOST    = 1;
iTOT     = 2;

MAT_fuel_VOLUME = [ 2.00362E+07 2.00362E+07 ];

MAT_fuel_BURNUP = [ 0.00000E+00 0.00000E+00 ];

MAT_fuel_ADENS = [
0.00000E+00 1.65173E-14 % lost data
7.63552E-02 7.67740E-02 % total
];

MAT_fuel_MDENS = [
0.00000E+00 0.00000E+00 % lost data
5.42858E+00 5.45833E+00 % total
];

MAT_fuel_A = [
0.00000E+00 0.00000E+00 % lost data
2.28502E+19 6.24424E+19 % total
];

MAT_fuel_H = [
0.00000E+00 0.00000E+00 % lost data
2.02160E+06 1.76787E+07 % total
];

MAT_fuel_SF = [
0.00000E+00 0.00000E+00 % lost data
1.40223E+09 1.40885E+09 % total
];

MAT_fuel_GSRC = [
0.00000E+00 0.00000E+00 % lost data
2.36281E+19 5.43106E+19 % total
];

MAT_fuel_ING_TOX = [
0.00000E+00 0.00000E+00 % lost data
2.83190E+10 3.61108E+11 % total
];

MAT_fuel_INH_TOX = [
0.00000E+00 0.00000E+00 % lost data
8.31068E+11 1.30727E+12 % total
];

MAT_refuel_VOLUME = [ 1.00000E+06 1.00000E+06 ];

MAT_refuel_BURNUP = [ 0.00000E+00 0.00000E+00 ];

MAT_refuel_ADENS = [
0.00000E+00 0.00000E+00 % lost data
6.08557E-02 6.08557E-02 % total
];

MAT_refuel_MDENS = [
0.00000E+00 0.00000E+00 % lost data
4.32600E+00 4.32600E+00 % total
];

MAT_refuel_A = [
0.00000E+00 0.00000E+00 % lost data
8.47457E+10 1.45429E+11 % total
];

MAT_refuel_H = [
0.00000E+00 0.00000E+00 % lost data
4.45531E-02 5.16467E-02 % total
];

MAT_refuel_SF = [
0.00000E+00 0.00000E+00 % lost data
1.29166E+06 1.29166E+06 % total
];

MAT_refuel_GSRC = [
0.00000E+00 0.00000E+00 % lost data
4.71930E+10 4.71930E+10 % total
];

MAT_refuel_ING_TOX = [
0.00000E+00 0.00000E+00 % lost data
2.90755E+03 2.93222E+03 % total
];

MAT_refuel_INH_TOX = [
0.00000E+00 0.00000E+00 % lost data
5.08251E+05 5.08276E+05 % total
];

MAT_Umetal_VOLUME = [ 1.00000E+06 1.00000E+06 ];

MAT_Umetal_BURNUP = [ 0.00000E+00 0.00000E+00 ];

MAT_Umetal_ADENS = [
0.00000E+00 0.00000E+00 % lost data
4.83231E-02 4.83231E-02 % total
];

MAT_Umetal_MDENS = [
0.00000E+00 0.00000E+00 % lost data
1.91021E+01 1.91021E+01 % total
];

MAT_Umetal_A = [
0.00000E+00 0.00000E+00 % lost data
4.75102E+11 7.12644E+11 % total
];

MAT_Umetal_H = [
0.00000E+00 0.00000E+00 % lost data
1.69652E-01 2.25333E-01 % total
];

MAT_Umetal_SF = [
0.00000E+00 0.00000E+00 % lost data
1.29705E+07 1.29705E+07 % total
];

MAT_Umetal_GSRC = [
0.00000E+00 0.00000E+00 % lost data
1.72726E+10 1.72726E+10 % total
];

MAT_Umetal_ING_TOX = [
0.00000E+00 0.00000E+00 % lost data
1.14979E+04 1.16190E+04 % total
];

MAT_Umetal_INH_TOX = [
0.00000E+00 0.00000E+00 % lost data
1.90232E+06 1.90241E+06 % total
];

MAT_offgastank_VOLUME = [ 1.00000E+06 1.00000E+06 ];

MAT_offgastank_BURNUP = [ 0.00000E+00 0.00000E+00 ];

MAT_offgastank_ADENS = [
0.00000E+00 0.00000E+00 % lost data
1.71905E-03 1.72282E-03 % total
];

MAT_offgastank_MDENS = [
0.00000E+00 0.00000E+00 % lost data
3.41085E-01 3.41816E-01 % total
];

MAT_offgastank_A = [
0.00000E+00 0.00000E+00 % lost data
1.82591E+18 6.36254E+18 % total
];

MAT_offgastank_H = [
0.00000E+00 0.00000E+00 % lost data
1.54841E+05 1.92149E+06 % total
];

MAT_offgastank_SF = [
0.00000E+00 0.00000E+00 % lost data
0.00000E+00 0.00000E+00 % total
];

MAT_offgastank_GSRC = [
0.00000E+00 0.00000E+00 % lost data
1.36382E+18 5.74570E+18 % total
];

MAT_offgastank_ING_TOX = [
0.00000E+00 0.00000E+00 % lost data
4.57459E+11 6.23867E+11 % total
];

MAT_offgastank_INH_TOX = [
0.00000E+00 0.00000E+00 % lost data
7.99203E+11 8.86411E+11 % total
];

MAT_excessfueltank_VOLUME = [ 1.00000E+06 1.00000E+06 ];

MAT_excessfueltank_BURNUP = [ 0.00000E+00 0.00000E+00 ];

MAT_excessfueltank_ADENS = [
0.00000E+00 0.00000E+00 % lost data
3.49767E-01 3.60321E-01 % total
];

MAT_excessfueltank_MDENS = [
0.00000E+00 0.00000E+00 % lost data
2.48675E+01 2.56178E+01 % total
];

MAT_excessfueltank_A = [
0.00000E+00 0.00000E+00 % lost data
9.10115E+16 1.66408E+17 % total
];

MAT_excessfueltank_H = [
0.00000E+00 0.00000E+00 % lost data
6.42525E+03 1.66076E+04 % total
];

MAT_excessfueltank_SF = [
0.00000E+00 0.00000E+00 % lost data
3.33523E+07 4.25155E+07 % total
];

MAT_excessfueltank_GSRC = [
0.00000E+00 0.00000E+00 % lost data
5.28479E+16 1.04466E+17 % total
];

MAT_excessfueltank_ING_TOX = [
0.00000E+00 0.00000E+00 % lost data
6.05204E+08 8.88950E+08 % total
];

MAT_excessfueltank_INH_TOX = [
0.00000E+00 0.00000E+00 % lost data
5.52130E+10 6.09329E+10 % total
];

MAT_absorbertank_VOLUME = [ 1.00000E+06 1.00000E+06 ];

MAT_absorbertank_BURNUP = [ 0.00000E+00 0.00000E+00 ];

MAT_absorbertank_ADENS = [
0.00000E+00 0.00000E+00 % lost data
1.99571E-02 1.99571E-02 % total
];

MAT_absorbertank_MDENS = [
0.00000E+00 0.00000E+00 % lost data
1.77504E+00 1.77504E+00 % total
];

MAT_absorbertank_A = [
0.00000E+00 0.00000E+00 % lost data
2.02939E+03 2.02939E+03 % total
];

MAT_absorbertank_H = [
0.00000E+00 0.00000E+00 % lost data
7.16289E-10 7.16289E-10 % total
];

MAT_absorbertank_SF = [
0.00000E+00 0.00000E+00 % lost data
0.00000E+00 0.00000E+00 % total
];

MAT_absorbertank_GSRC = [
0.00000E+00 0.00000E+00 % lost data
0.00000E+00 0.00000E+00 % total
];

MAT_absorbertank_ING_TOX = [
0.00000E+00 0.00000E+00 % lost data
8.32051E-05 8.32051E-05 % total
];

MAT_absorbertank_INH_TOX = [
0.00000E+00 0.00000E+00 % lost data
3.85585E-02 3.85585E-02 % total
];

MAT_dummy_VOLUME = [ 1.00000E+00 1.00000E+00 ];

MAT_dummy_BURNUP = [ 0.00000E+00 0.00000E+00 ];

MAT_dummy_ADENS = [
0.00000E+00 0.00000E+00 % lost data
0.00000E+00 0.00000E+00 % total
];

MAT_dummy_MDENS = [
0.00000E+00 0.00000E+00 % lost data
0.00000E+00 0.00000E+00 % total
];

MAT_dummy_A = [
0.00000E+00 0.00000E+00 % lost data
0.00000E+00 0.00000E+00 % total
];

MAT_dummy_H = [
0.00000E+00 0.00000E+00 % lost data
0.00000E+00 0.00000E+00 % total
];

MAT_dummy_SF = [
0.00000E+00 0.00000E+00 % lost data
0.00000E+00 0.00000E+00 % total
];

MAT_dummy_GSRC = [
0.00000E+00 0.00000E+00 % lost data
0.00000E+00 0.00000E+00 % total
];

MAT_dummy_ING_TOX = [
0.00000E+00 0.00000E+00 % lost data
0.00000E+00 0.00000E+00 % total
];

MAT_dummy_INH_TOX = [
0.00000E+00 0.00000E+00 % lost data
0.00000E+00 0.00000E+00 % total
];

TOT_VOLUME = [ 2.50362E+07 2.50362E+07 ];

TOT_BURNUP = [ 0.00000E+00 0.00000E+00 ];

TOT_ADENS = [
0.00000E+00 1.32187E-14 % lost data
8.03033E-02 8.10602E-02 % total
];

TOT_MASS = [
0.00000E+00 0.00000E+00 % lost data
1.59180E+08 1.60527E+08 % total
];

TOT_A = [
0.00000E+00 0.00000E+00 % lost data
2.47671E+19 6.89713E+19 % total
];

TOT_H = [
0.00000E+00 0.00000E+00 % lost data
2.18286E+06 1.96168E+07 % total
];

TOT_SF = [
0.00000E+00 0.00000E+00 % lost data
1.44984E+09 1.46563E+09 % total
];

TOT_GSRC = [
0.00000E+00 0.00000E+00 % lost data
2.50447E+19 6.01608E+19 % total
];

TOT_ING_TOX = [
0.00000E+00 0.00000E+00 % lost data
4.86383E+11 9.85864E+11 % total
];

TOT_INH_TOX = [
0.00000E+00 0.00000E+00 % lost data
1.68549E+12 2.25462E+12 % total
];

BU = [ 0.00000E+00 2.23216E-02 ];

DAYS = [ 0.00000E+00 7.00000E+00 ];
