
ZAI = [
666
0
];

NAMES = [
'lost            '
'total           '
];

iLOST    = 1;
iTOT     = 2;

MAT_fuel_VOLUME = [ 2.00362E+07 2.00362E+07 ];

MAT_fuel_BURNUP = [ 0.00000E+00 0.00000E+00 ];

MAT_fuel_ADENS = [
0.00000E+00 1.74271E-14 % lost data
6.21594E-02 6.21596E-02 % total
];

MAT_fuel_MDENS = [
0.00000E+00 0.00000E+00 % lost data
4.80381E+00 4.80378E+00 % total
];

MAT_fuel_A = [
0.00000E+00 0.00000E+00 % lost data
2.26551E+19 6.16279E+19 % total
];

MAT_fuel_H = [
0.00000E+00 0.00000E+00 % lost data
2.01682E+06 1.73441E+07 % total
];

MAT_fuel_SF = [
0.00000E+00 0.00000E+00 % lost data
2.41071E+09 2.42121E+09 % total
];

MAT_fuel_GSRC = [
0.00000E+00 0.00000E+00 % lost data
2.33176E+19 5.34712E+19 % total
];

MAT_fuel_ING_TOX = [
0.00000E+00 0.00000E+00 % lost data
2.90733E+10 3.63600E+11 % total
];

MAT_fuel_INH_TOX = [
0.00000E+00 0.00000E+00 % lost data
1.10537E+12 1.58292E+12 % total
];

MAT_refuel_VOLUME = [ 1.00000E+06 1.00000E+06 ];

MAT_refuel_BURNUP = [ 0.00000E+00 0.00000E+00 ];

MAT_refuel_ADENS = [
0.00000E+00 0.00000E+00 % lost data
6.08557E-02 6.08557E-02 % total
];

MAT_refuel_MDENS = [
0.00000E+00 0.00000E+00 % lost data
4.32600E+00 4.32600E+00 % total
];

MAT_refuel_A = [
0.00000E+00 0.00000E+00 % lost data
8.47466E+10 1.45430E+11 % total
];

MAT_refuel_H = [
0.00000E+00 0.00000E+00 % lost data
4.45538E-02 5.16474E-02 % total
];

MAT_refuel_SF = [
0.00000E+00 0.00000E+00 % lost data
1.29166E+06 1.29166E+06 % total
];

MAT_refuel_GSRC = [
0.00000E+00 0.00000E+00 % lost data
4.71935E+10 4.71935E+10 % total
];

MAT_refuel_ING_TOX = [
0.00000E+00 0.00000E+00 % lost data
2.90814E+03 2.93281E+03 % total
];

MAT_refuel_INH_TOX = [
0.00000E+00 0.00000E+00 % lost data
5.08368E+05 5.08393E+05 % total
];

MAT_Umetal_VOLUME = [ 1.00000E+06 1.00000E+06 ];

MAT_Umetal_BURNUP = [ 0.00000E+00 0.00000E+00 ];

MAT_Umetal_ADENS = [
0.00000E+00 0.00000E+00 % lost data
4.83231E-02 4.83231E-02 % total
];

MAT_Umetal_MDENS = [
0.00000E+00 0.00000E+00 % lost data
1.91021E+01 1.91021E+01 % total
];

MAT_Umetal_A = [
0.00000E+00 0.00000E+00 % lost data
4.75103E+11 7.12645E+11 % total
];

MAT_Umetal_H = [
0.00000E+00 0.00000E+00 % lost data
1.69653E-01 2.25334E-01 % total
];

MAT_Umetal_SF = [
0.00000E+00 0.00000E+00 % lost data
1.29705E+07 1.29705E+07 % total
];

MAT_Umetal_GSRC = [
0.00000E+00 0.00000E+00 % lost data
1.72727E+10 1.72727E+10 % total
];

MAT_Umetal_ING_TOX = [
0.00000E+00 0.00000E+00 % lost data
1.14979E+04 1.16191E+04 % total
];

MAT_Umetal_INH_TOX = [
0.00000E+00 0.00000E+00 % lost data
1.90233E+06 1.90242E+06 % total
];

MAT_offgastank_VOLUME = [ 1.00000E+06 1.00000E+06 ];

MAT_offgastank_BURNUP = [ 0.00000E+00 0.00000E+00 ];

MAT_offgastank_ADENS = [
0.00000E+00 0.00000E+00 % lost data
1.96192E-03 1.96562E-03 % total
];

MAT_offgastank_MDENS = [
0.00000E+00 0.00000E+00 % lost data
3.90458E-01 3.91179E-01 % total
];

MAT_offgastank_A = [
0.00000E+00 0.00000E+00 % lost data
1.82512E+18 6.18944E+18 % total
];

MAT_offgastank_H = [
0.00000E+00 0.00000E+00 % lost data
1.53341E+05 1.84488E+06 % total
];

MAT_offgastank_SF = [
0.00000E+00 0.00000E+00 % lost data
0.00000E+00 0.00000E+00 % total
];

MAT_offgastank_GSRC = [
0.00000E+00 0.00000E+00 % lost data
1.35478E+18 5.57653E+18 % total
];

MAT_offgastank_ING_TOX = [
0.00000E+00 0.00000E+00 % lost data
4.57477E+11 6.14819E+11 % total
];

MAT_offgastank_INH_TOX = [
0.00000E+00 0.00000E+00 % lost data
8.33999E+11 9.16280E+11 % total
];

MAT_excessfueltank_VOLUME = [ 1.00000E+06 1.00000E+06 ];

MAT_excessfueltank_BURNUP = [ 0.00000E+00 0.00000E+00 ];

MAT_excessfueltank_ADENS = [
0.00000E+00 0.00000E+00 % lost data
3.66674E-01 3.66675E-01 % total
];

MAT_excessfueltank_MDENS = [
0.00000E+00 0.00000E+00 % lost data
2.69740E+01 2.69741E+01 % total
];

MAT_excessfueltank_A = [
0.00000E+00 0.00000E+00 % lost data
9.80541E+16 1.23862E+17 % total
];

MAT_excessfueltank_H = [
0.00000E+00 0.00000E+00 % lost data
6.00323E+03 1.12272E+04 % total
];

MAT_excessfueltank_SF = [
0.00000E+00 0.00000E+00 % lost data
6.98633E+07 6.88550E+07 % total
];

MAT_excessfueltank_GSRC = [
0.00000E+00 0.00000E+00 % lost data
2.73783E+16 2.96216E+16 % total
];

MAT_excessfueltank_ING_TOX = [
0.00000E+00 0.00000E+00 % lost data
6.14094E+08 6.39179E+08 % total
];

MAT_excessfueltank_INH_TOX = [
0.00000E+00 0.00000E+00 % lost data
9.04038E+10 9.03101E+10 % total
];

MAT_absorbertank_VOLUME = [ 1.00000E+06 1.00000E+06 ];

MAT_absorbertank_BURNUP = [ 0.00000E+00 0.00000E+00 ];

MAT_absorbertank_ADENS = [
0.00000E+00 0.00000E+00 % lost data
5.98714E-02 5.98714E-02 % total
];

MAT_absorbertank_MDENS = [
0.00000E+00 0.00000E+00 % lost data
5.32512E+00 5.32512E+00 % total
];

MAT_absorbertank_A = [
0.00000E+00 0.00000E+00 % lost data
6.08818E+03 6.08818E+03 % total
];

MAT_absorbertank_H = [
0.00000E+00 0.00000E+00 % lost data
2.14887E-09 2.14887E-09 % total
];

MAT_absorbertank_SF = [
0.00000E+00 0.00000E+00 % lost data
0.00000E+00 0.00000E+00 % total
];

MAT_absorbertank_GSRC = [
0.00000E+00 0.00000E+00 % lost data
0.00000E+00 0.00000E+00 % total
];

MAT_absorbertank_ING_TOX = [
0.00000E+00 0.00000E+00 % lost data
2.49615E-04 2.49615E-04 % total
];

MAT_absorbertank_INH_TOX = [
0.00000E+00 0.00000E+00 % lost data
1.15675E-01 1.15675E-01 % total
];

MAT_dummy_VOLUME = [ 1.00000E+00 1.00000E+00 ];

MAT_dummy_BURNUP = [ 0.00000E+00 0.00000E+00 ];

MAT_dummy_ADENS = [
0.00000E+00 0.00000E+00 % lost data
0.00000E+00 0.00000E+00 % total
];

MAT_dummy_MDENS = [
0.00000E+00 0.00000E+00 % lost data
0.00000E+00 0.00000E+00 % total
];

MAT_dummy_A = [
0.00000E+00 0.00000E+00 % lost data
0.00000E+00 0.00000E+00 % total
];

MAT_dummy_H = [
0.00000E+00 0.00000E+00 % lost data
0.00000E+00 0.00000E+00 % total
];

MAT_dummy_SF = [
0.00000E+00 0.00000E+00 % lost data
0.00000E+00 0.00000E+00 % total
];

MAT_dummy_GSRC = [
0.00000E+00 0.00000E+00 % lost data
0.00000E+00 0.00000E+00 % total
];

MAT_dummy_ING_TOX = [
0.00000E+00 0.00000E+00 % lost data
0.00000E+00 0.00000E+00 % total
];

MAT_dummy_INH_TOX = [
0.00000E+00 0.00000E+00 % lost data
0.00000E+00 0.00000E+00 % total
];

TOT_VOLUME = [ 2.50362E+07 2.50362E+07 ];

TOT_BURNUP = [ 0.00000E+00 0.00000E+00 ];

TOT_ADENS = [
0.00000E+00 1.39467E-14 % lost data
7.12219E-02 7.12221E-02 % total
];

TOT_MASS = [
0.00000E+00 0.00000E+00 % lost data
1.52368E+08 1.52368E+08 % total
];

TOT_A = [
0.00000E+00 0.00000E+00 % lost data
2.45783E+19 6.79412E+19 % total
];

TOT_H = [
0.00000E+00 0.00000E+00 % lost data
2.17616E+06 1.92002E+07 % total
];

TOT_SF = [
0.00000E+00 0.00000E+00 % lost data
2.49484E+09 2.50432E+09 % total
];

TOT_GSRC = [
0.00000E+00 0.00000E+00 % lost data
2.46997E+19 5.90773E+19 % total
];

TOT_ING_TOX = [
0.00000E+00 0.00000E+00 % lost data
4.87165E+11 9.79058E+11 % total
];

TOT_INH_TOX = [
0.00000E+00 0.00000E+00 % lost data
2.02978E+12 2.58951E+12 % total
];

BU = [ 0.00000E+00 2.25785E-02 ];

DAYS = [ 0.00000E+00 7.00000E+00 ];
