
ZAI = [
666
0
];

NAMES = [
'lost            '
'total           '
];

iLOST    = 1;
iTOT     = 2;

MAT_fuel_VOLUME = [ 1.63265E+07 1.63265E+07 ];

MAT_fuel_BURNUP = [ 0.00000E+00 0.00000E+00 ];

MAT_fuel_ADENS = [
0.00000E+00 1.66624E-15 % lost data
7.95906E-02 7.95906E-02 % total
];

MAT_fuel_MDENS = [
0.00000E+00 0.00000E+00 % lost data
3.34948E+00 3.34948E+00 % total
];

MAT_fuel_A = [
0.00000E+00 0.00000E+00 % lost data
6.29465E+11 4.11119E+19 % total
];

MAT_fuel_H = [
0.00000E+00 0.00000E+00 % lost data
4.52038E-01 1.48931E+07 % total
];

MAT_fuel_SF = [
0.00000E+00 0.00000E+00 % lost data
1.32870E+07 1.32869E+07 % total
];

MAT_fuel_GSRC = [
0.00000E+00 0.00000E+00 % lost data
4.86875E+11 3.27351E+19 % total
];

MAT_fuel_ING_TOX = [
0.00000E+00 0.00000E+00 % lost data
2.90982E+04 2.88152E+11 % total
];

MAT_fuel_INH_TOX = [
0.00000E+00 0.00000E+00 % lost data
5.22878E+06 4.23741E+11 % total
];

MAT_Umetal_VOLUME = [ 1.00000E+06 1.00000E+06 ];

MAT_Umetal_BURNUP = [ 0.00000E+00 0.00000E+00 ];

MAT_Umetal_ADENS = [
0.00000E+00 0.00000E+00 % lost data
4.83231E-02 4.83231E-02 % total
];

MAT_Umetal_MDENS = [
0.00000E+00 0.00000E+00 % lost data
1.91003E+01 1.91003E+01 % total
];

MAT_Umetal_A = [
0.00000E+00 0.00000E+00 % lost data
2.46700E+11 2.62816E+11 % total
];

MAT_Umetal_H = [
0.00000E+00 0.00000E+00 % lost data
1.69570E-01 1.70974E-01 % total
];

MAT_Umetal_SF = [
0.00000E+00 0.00000E+00 % lost data
1.28771E+07 1.28771E+07 % total
];

MAT_Umetal_GSRC = [
0.00000E+00 0.00000E+00 % lost data
3.03383E+10 3.03383E+10 % total
];

MAT_Umetal_ING_TOX = [
0.00000E+00 0.00000E+00 % lost data
1.11232E+04 1.11499E+04 % total
];

MAT_Umetal_INH_TOX = [
0.00000E+00 0.00000E+00 % lost data
1.97902E+06 1.97908E+06 % total
];

MAT_refuel_VOLUME = [ 1.00000E+06 1.00000E+06 ];

MAT_refuel_BURNUP = [ 0.00000E+00 0.00000E+00 ];

MAT_refuel_ADENS = [
0.00000E+00 0.00000E+00 % lost data
7.95906E-02 7.95906E-02 % total
];

MAT_refuel_MDENS = [
0.00000E+00 0.00000E+00 % lost data
3.34948E+00 3.34948E+00 % total
];

MAT_refuel_A = [
0.00000E+00 0.00000E+00 % lost data
3.85549E+10 5.05712E+10 % total
];

MAT_refuel_H = [
0.00000E+00 0.00000E+00 % lost data
2.76874E-02 2.82361E-02 % total
];

MAT_refuel_SF = [
0.00000E+00 0.00000E+00 % lost data
8.13833E+05 8.13833E+05 % total
];

MAT_refuel_GSRC = [
0.00000E+00 0.00000E+00 % lost data
2.98212E+10 2.98212E+10 % total
];

MAT_refuel_ING_TOX = [
0.00000E+00 0.00000E+00 % lost data
1.78227E+03 1.78769E+03 % total
];

MAT_refuel_INH_TOX = [
0.00000E+00 0.00000E+00 % lost data
3.20264E+05 3.20271E+05 % total
];

MAT_absorber_VOLUME = [ 1.00000E+06 1.00000E+06 ];

MAT_absorber_BURNUP = [ 0.00000E+00 0.00000E+00 ];

MAT_absorber_ADENS = [
0.00000E+00 0.00000E+00 % lost data
5.98714E-02 5.98714E-02 % total
];

MAT_absorber_MDENS = [
0.00000E+00 0.00000E+00 % lost data
5.32512E+00 5.32512E+00 % total
];

MAT_absorber_A = [
0.00000E+00 0.00000E+00 % lost data
6.08818E+03 6.08818E+03 % total
];

MAT_absorber_H = [
0.00000E+00 0.00000E+00 % lost data
2.14887E-09 2.14887E-09 % total
];

MAT_absorber_SF = [
0.00000E+00 0.00000E+00 % lost data
0.00000E+00 0.00000E+00 % total
];

MAT_absorber_GSRC = [
0.00000E+00 0.00000E+00 % lost data
0.00000E+00 0.00000E+00 % total
];

MAT_absorber_ING_TOX = [
0.00000E+00 0.00000E+00 % lost data
2.49615E-04 2.49615E-04 % total
];

MAT_absorber_INH_TOX = [
0.00000E+00 0.00000E+00 % lost data
1.15675E-01 1.15675E-01 % total
];

MAT_offgas_VOLUME = [ 1.00000E+06 1.00000E+06 ];

MAT_offgas_BURNUP = [ 0.00000E+00 0.00000E+00 ];

MAT_offgas_ADENS = [
0.00000E+00 0.00000E+00 % lost data
0.00000E+00 5.44105E-07 % total
];

MAT_offgas_MDENS = [
0.00000E+00 0.00000E+00 % lost data
0.00000E+00 9.99329E-05 % total
];

MAT_offgas_A = [
0.00000E+00 0.00000E+00 % lost data
0.00000E+00 7.87977E+18 % total
];

MAT_offgas_H = [
0.00000E+00 0.00000E+00 % lost data
0.00000E+00 3.13716E+06 % total
];

MAT_offgas_SF = [
0.00000E+00 0.00000E+00 % lost data
0.00000E+00 0.00000E+00 % total
];

MAT_offgas_GSRC = [
0.00000E+00 0.00000E+00 % lost data
0.00000E+00 6.76237E+18 % total
];

MAT_offgas_ING_TOX = [
0.00000E+00 0.00000E+00 % lost data
0.00000E+00 2.88622E+11 % total
];

MAT_offgas_INH_TOX = [
0.00000E+00 0.00000E+00 % lost data
0.00000E+00 1.52394E+11 % total
];

MAT_fuelExcessTank_VOLUME = [ 1.00000E+06 1.00000E+06 ];

MAT_fuelExcessTank_BURNUP = [ 0.00000E+00 0.00000E+00 ];

MAT_fuelExcessTank_ADENS = [
0.00000E+00 0.00000E+00 % lost data
0.00000E+00 5.60977E-11 % total
];

MAT_fuelExcessTank_MDENS = [
0.00000E+00 0.00000E+00 % lost data
0.00000E+00 2.36081E-09 % total
];

MAT_fuelExcessTank_A = [
0.00000E+00 0.00000E+00 % lost data
0.00000E+00 3.18201E+01 % total
];

MAT_fuelExcessTank_H = [
0.00000E+00 0.00000E+00 % lost data
0.00000E+00 1.97215E-11 % total
];

MAT_fuelExcessTank_SF = [
0.00000E+00 0.00000E+00 % lost data
0.00000E+00 5.73613E-04 % total
];

MAT_fuelExcessTank_GSRC = [
0.00000E+00 0.00000E+00 % lost data
0.00000E+00 2.10188E+01 % total
];

MAT_fuelExcessTank_ING_TOX = [
0.00000E+00 0.00000E+00 % lost data
0.00000E+00 1.25824E-06 % total
];

MAT_fuelExcessTank_INH_TOX = [
0.00000E+00 0.00000E+00 % lost data
0.00000E+00 2.25734E-04 % total
];

MAT_dummy_VOLUME = [ 1.00000E+00 1.00000E+00 ];

MAT_dummy_BURNUP = [ 0.00000E+00 0.00000E+00 ];

MAT_dummy_ADENS = [
0.00000E+00 0.00000E+00 % lost data
0.00000E+00 0.00000E+00 % total
];

MAT_dummy_MDENS = [
0.00000E+00 0.00000E+00 % lost data
0.00000E+00 0.00000E+00 % total
];

MAT_dummy_A = [
0.00000E+00 0.00000E+00 % lost data
0.00000E+00 0.00000E+00 % total
];

MAT_dummy_H = [
0.00000E+00 0.00000E+00 % lost data
0.00000E+00 0.00000E+00 % total
];

MAT_dummy_SF = [
0.00000E+00 0.00000E+00 % lost data
0.00000E+00 0.00000E+00 % total
];

MAT_dummy_GSRC = [
0.00000E+00 0.00000E+00 % lost data
0.00000E+00 0.00000E+00 % total
];

MAT_dummy_ING_TOX = [
0.00000E+00 0.00000E+00 % lost data
0.00000E+00 0.00000E+00 % total
];

MAT_dummy_INH_TOX = [
0.00000E+00 0.00000E+00 % lost data
0.00000E+00 0.00000E+00 % total
];

TOT_VOLUME = [ 2.13265E+07 2.13265E+07 ];

TOT_BURNUP = [ 0.00000E+00 0.00000E+00 ];

TOT_ADENS = [
0.00000E+00 1.27559E-15 % lost data
6.97358E-02 6.97358E-02 % total
];

TOT_MASS = [
0.00000E+00 0.00000E+00 % lost data
8.24602E+07 8.24602E+07 % total
];

TOT_A = [
0.00000E+00 0.00000E+00 % lost data
9.14720E+11 4.89917E+19 % total
];

TOT_H = [
0.00000E+00 0.00000E+00 % lost data
6.49295E-01 1.80302E+07 % total
];

TOT_SF = [
0.00000E+00 0.00000E+00 % lost data
2.69780E+07 2.69779E+07 % total
];

TOT_GSRC = [
0.00000E+00 0.00000E+00 % lost data
5.47034E+11 3.94975E+19 % total
];

TOT_ING_TOX = [
0.00000E+00 0.00000E+00 % lost data
4.20036E+04 5.76774E+11 % total
];

TOT_INH_TOX = [
0.00000E+00 0.00000E+00 % lost data
7.52807E+06 5.76137E+11 % total
];

BU = [ 0.00000E+00 6.66768E-03 ];

DAYS = [ 0.00000E+00 1.00000E+00 ];
